Listening to port 4567
Connected!!!
FusionEKF::ProcessMeasurement First measurement
Using RADAR
State vector(x) = 0.385989	0.201778	0	0
Estimation:   0.385989	0.201778	0	0	
Ground truth: 0.359997	0.600041	-4.80025	0.0016588	
RMSE:         0.0259922	0.398263	4.80025	0.0016588	

P = 
3.50001       0 50.0006       0
      0 3.50001       0 50.0006
50.0006       0 1000.02       0
      0 50.0006       0 1000.02
Estimation:   0.385989	0.201778	0	0	
Ground truth: 0.119984	0.600207	-4.80057	0.00497648	
RMSE:         0.18899	0.398346	4.80041	0.00370924	

P = 
   0.0648898    0.0338323  0.000916124 -0.000332463
   0.0338323    0.0178568  -0.00033246    0.0013783
 0.000916124  -0.00033246      19.5882      -37.299
-0.000332463    0.0013783      -37.299      71.4406
Estimation:   0.196592	0.717674	-1.45059	4.83179	
Ground truth: -0.120044	0.600581	-4.801	0.00995308	
RMSE:         0.23923	0.3322	4.37085	2.78389	

P = 
  0.113966 -0.0594485   0.980889   -1.86528
-0.0594485    0.19661   -1.86528    3.57397
  0.980889   -1.86528    19.6107    -37.299
  -1.86528    3.57397    -37.299    71.4631
Estimation:   0.124062	0.959264	-1.45059	4.83179	
Ground truth: -0.360093	0.601244	-4.80155	0.0165887	
RMSE:         0.318629	0.338839	4.13951	3.40721	

P = 
 0.00134104   0.0009734 -0.00104268   0.0020914
  0.0009734  0.00305177  -0.0160304   0.0132086
-0.00104268  -0.0160304    0.196752  -0.0532684
  0.0020914   0.0132086  -0.0532684   0.0941193
Estimation:   -1.01378	0.35768	-0.51341	2.41498	
Ground truth: -0.60017	0.602281	-4.80221	0.0248832	
RMSE:         0.339756	0.322204	4.16979	3.22952	

P = 
 0.00174271  0.00014328  0.00935742 -0.00057202
 0.00014328    0.004622  -0.0186938   0.0184771
 0.00935742  -0.0186938    0.219252  -0.0532684
-0.00057202   0.0184771  -0.0532684    0.116619
Estimation:   -1.03945	0.478429	-0.51341	2.41498	
Ground truth: -0.840279	0.603774	-4.80296	0.0348368	
RMSE:         0.320635	0.298549	4.18999	3.10414	

P = 
  0.00167008  -0.00035857   0.00711266 -0.000990976
 -0.00035857   0.00116547  -0.00197101   0.00410278
  0.00711266  -0.00197101    0.0830103    0.0188754
-0.000990976   0.00410278    0.0188754    0.0622332
Estimation:   -1.2446	0.757497	-2.36995	3.00828	
Ground truth: -1.08042	0.605806	-4.8038	0.0464493	
RMSE:         0.303267	0.282286	3.98676	3.08421	

P = 
  0.00260294 -0.000459481    0.0118257 -4.72061e-05
-0.000459481   0.00174539  -0.00102724   0.00777694
   0.0118257  -0.00102724      0.10551    0.0188754
-4.72061e-05   0.00777694    0.0188754    0.0847332
Estimation:   -1.3631	0.907911	-2.36995	3.00828	
Ground truth: -1.32061	0.608459	-4.80472	0.0597206	
RMSE:         0.284078	0.284489	3.82733	3.06758	

P = 
  0.00249482 -0.000539942   0.00830895  0.000800768
-0.000539942   0.00165929  0.000440462   0.00639004
  0.00830895  0.000440462    0.0704086    0.0243794
 0.000800768   0.00639004    0.0243794    0.0716897
Estimation:   -1.63606	0.939251	-3.24805	2.3971	
Ground truth: -1.56084	0.611818	-4.8057	0.0746505	
RMSE:         0.269002	0.289575	3.64561	2.99396	

P = 
   0.0035158 -0.000416932    0.0123919   0.00201974
-0.000416932   0.00249158   0.00165943     0.010537
   0.0123919   0.00165943    0.0929086    0.0243794
  0.00201974     0.010537    0.0243794    0.0941897
Estimation:   -1.79847	1.05911	-3.24805	2.3971	
Ground truth: -1.80112	0.615965	-4.80673	0.0912385	
RMSE:         0.255199	0.308392	3.49347	2.93243	

P = 
  0.00333839 -0.000535459   0.00845686   0.00211283
-0.000535459   0.00236303    0.0018153   0.00859151
  0.00845686    0.0018153    0.0624258    0.0242329
  0.00211283   0.00859151    0.0242329    0.0792658
Estimation:   -2.1145	1.00213	-4.07759	1.60422	
Ground truth: -2.04145	0.620982	-4.80778	0.109484	
RMSE:         0.244318	0.315699	3.33816	2.83205	

P = 
  0.0043542 -0.00027847   0.0121406  0.00332447
-0.00027847  0.00343441  0.00302695   0.0131173
  0.0121406  0.00302695   0.0849258   0.0242329
 0.00332447   0.0131173   0.0242329    0.101766
Estimation:   -2.31838	1.08234	-4.07759	1.60422	
Ground truth: -2.28182	0.626953	-4.80884	0.129387	
RMSE:         0.234154	0.329609	3.20301	2.7447	

P = 
    0.004134 -0.000442819   0.00813405   0.00303609
-0.000442819   0.00313182   0.00237956    0.0107775
  0.00813405   0.00237956    0.0562728    0.0225686
  0.00303609    0.0107775    0.0225686    0.0890516
Estimation:   -2.66515	0.902016	-4.75764	0.558605	
Ground truth: -2.52225	0.63396	-4.80989	0.150946	
RMSE:         0.228433	0.325288	3.07739	2.63945	

P = 
  0.00510215 -0.000115615    0.0115102   0.00416452
-0.000115615   0.00444626   0.00350799    0.0157925
   0.0115102   0.00350799    0.0787728    0.0225686
  0.00416452    0.0157925    0.0225686     0.111552
Estimation:   -2.90304	0.929947	-4.75764	0.558605	
Ground truth: -2.76273	0.642086	-4.81089	0.174159	
RMSE:         0.223295	0.322758	2.96548	2.54551	

P = 
  0.00485481 -0.000289312   0.00754384   0.00355757
-0.000289312   0.00395279    0.0022038    0.0132301
  0.00754384    0.0022038    0.0506792    0.0183978
  0.00355757    0.0132301    0.0183978     0.101184
Estimation:   -3.18022	0.884672	-4.81579	0.253438	
Ground truth: -3.00325	0.651414	-4.81184	0.199026	
RMSE:         0.22051	0.317577	2.86493	2.45924	

P = 
 0.00574996 4.47515e-05   0.0106403  0.00447746
4.47515e-05  0.00554282   0.0031237   0.0188518
  0.0106403   0.0031237   0.0731792   0.0183978
 0.00447746   0.0188518   0.0183978    0.123684
Estimation:   -3.42101	0.897344	-4.81579	0.253438	
Ground truth: -3.24381	0.662026	-4.8127	0.225545	
RMSE:         0.218055	0.31307	2.77395	2.38115	

P = 
  0.00546579 -0.000128909   0.00709096    0.0037872
-0.000128909   0.00490793   0.00210245    0.0158516
  0.00709096   0.00210245    0.0484211    0.0162164
   0.0037872    0.0158516    0.0162164     0.112029
Estimation:   -3.66894	0.810377	-4.85791	-0.0796063	
Ground truth: -3.48441	0.674004	-4.81344	0.253712	
RMSE:         0.216227	0.305518	2.69115	2.31147	

P = 
 0.00631001 0.000206115   0.0100745  0.00459802
0.000206115  0.00678723  0.00291327   0.0220156
  0.0100745  0.00291327   0.0709211   0.0162164
 0.00459802   0.0220156   0.0162164    0.134529
Estimation:   -3.91184	0.806397	-4.85791	-0.0796063	
Ground truth: -3.72504	0.687432	-4.81403	0.283526	
RMSE:         0.214698	0.298231	2.61535	2.24798	

P = 
 0.00597704 1.56977e-05  0.00671176  0.00376623
1.56977e-05  0.00595451  0.00186919   0.0184637
 0.00671176  0.00186919    0.046975   0.0138371
 0.00376623   0.0184637   0.0138371    0.121804
Estimation:   -4.14157	0.808376	-4.91622	-0.036925	
Ground truth: -3.9657	0.702391	-4.81445	0.314984	
RMSE:         0.212831	0.291294	2.5457	2.18951	

P = 
 0.00677972 0.000332061  0.00962301  0.00445808
0.000332061  0.00811945  0.00256104   0.0251164
 0.00962301  0.00256104    0.069475   0.0138371
 0.00445808   0.0251164   0.0138371    0.144304
Estimation:   -4.38738	0.80653	-4.91622	-0.036925	
Ground truth: -4.20636	0.718963	-4.81465	0.348081	
RMSE:         0.211354	0.284592	2.48135	2.13581	

P = 
 0.00640304 0.000143302  0.00647953  0.00369791
0.000143302  0.00711431  0.00188356   0.0210798
 0.00647953  0.00188356   0.0465095   0.0131794
 0.00369791   0.0210798   0.0131794    0.130489
Estimation:   -4.62503	0.747914	-4.94349	-0.196354	
Ground truth: -4.44703	0.73723	-4.81461	0.382812	
RMSE:         0.209887	0.277743	2.42171	2.08816	

P = 
 0.00718133 0.000455323  0.00936751  0.00435688
0.000455323  0.00956258  0.00254253   0.0281668
 0.00936751  0.00254253   0.0690095   0.0131794
 0.00435688   0.0281668   0.0131794    0.152989
Estimation:   -4.87221	0.738096	-4.94349	-0.196354	
Ground truth: -4.68769	0.757274	-4.81428	0.419174	
RMSE:         0.2088	0.271388	2.36619	2.04437	

P = 
 0.00675747 0.000251969   0.0062814  0.00354632
0.000251969  0.00835788  0.00175475    0.023686
  0.0062814  0.00175475   0.0459862   0.0118196
 0.00354632    0.023686   0.0118196    0.138723
Estimation:   -5.07103	0.808475	-4.97092	0.0629602	
Ground truth: -4.92832	0.779176	-4.81363	0.45716	
RMSE:         0.206367	0.265493	2.31441	2.00112	

P = 
 0.00751464 0.000546572  0.00914322   0.0041373
0.000546572   0.0110874  0.00234573   0.0311847
 0.00914322  0.00234573   0.0684862   0.0118196
  0.0041373   0.0311847   0.0118196    0.161223
Estimation:   -5.31957	0.811623	-4.97092	0.0629602	
Ground truth: -5.1689	0.803017	-4.81263	0.496763	
RMSE:         0.20435	0.259909	2.26591	1.96099	

P = 
 0.00705621 0.000362055  0.00620864  0.00352979
0.000362055  0.00967189  0.00207107   0.0261959
 0.00620864  0.00207107   0.0461058   0.0127565
 0.00352979   0.0261959   0.0127565     0.14594
Estimation:   -5.58509	0.750748	-5.1114	-0.0986953	
Ground truth: -5.40943	0.828877	-4.81122	0.537976	
RMSE:         0.20328	0.255137	2.22094	1.92558	

P = 
  0.0078064 0.000673989  0.00907643  0.00416762
0.000673989   0.0126704  0.00270889   0.0340555
 0.00907643  0.00270889   0.0686058   0.0127565
 0.00416762   0.0340555   0.0127565     0.16844
Estimation:   -5.84066	0.745813	-5.1114	-0.0986953	
Ground truth: -5.64986	0.856837	-4.80937	0.580791	
RMSE:         0.202814	0.251128	2.17862	1.89288	

P = 
 0.00730512 0.000467562  0.00610516  0.00346617
0.000467562   0.0111083  0.00203906   0.0288845
 0.00610516  0.00203906   0.0458017   0.0118896
 0.00346617   0.0288845   0.0118896    0.153625
Estimation:   -6.06492	0.897781	-4.82435	0.288717	
Ground truth: -5.8902	0.886977	-4.80703	0.625197	
RMSE:         0.201844	0.246443	2.1379	1.85863	

P = 
  0.0080442 0.000772547  0.00895774  0.00406065
0.000772547   0.0143949  0.00263354   0.0371282
 0.00895774  0.00263354   0.0683017   0.0118896
 0.00406065   0.0371282   0.0118896    0.176125
Estimation:   -6.30614	0.912217	-4.82435	0.288717	
Ground truth: -6.1304	0.919375	-4.80415	0.671184	
RMSE:         0.20097	0.242006	2.09938	1.82657	

P = 
 0.00752324 0.000614509  0.00614135  0.00367583
0.000614509   0.0126014  0.00273087   0.0314255
 0.00614135  0.00273087   0.0462654   0.0142893
 0.00367583   0.0314255   0.0142893    0.160131
Estimation:   -6.5287	0.96017	-5.04088	0.411119	
Ground truth: -6.37044	0.954111	-4.8007	0.718741	
RMSE:         0.199649	0.237799	2.06335	1.79571	

P = 
  0.0082671 0.000970568  0.00901712   0.0043903
0.000970568   0.0161583  0.00344534   0.0399945
 0.00901712  0.00344534   0.0687654   0.0142893
  0.0043903   0.0399945   0.0142893    0.182631
Estimation:   -6.78074	0.980726	-5.04088	0.411119	
Ground truth: -6.61028	0.991262	-4.79662	0.767854	
RMSE:         0.198745	0.23381	2.02915	1.76673	

P = 
 0.00771489 0.000798522  0.00618803  0.00399614
0.000798522   0.0141687  0.00333948   0.0339992
 0.00618803  0.00333948   0.0465874   0.0160031
 0.00399614   0.0339992   0.0160031    0.166635
Estimation:   -6.99835	1.00219	-5.02078	0.423621	
Ground truth: -6.84991	1.03091	-4.79187	0.818509	
RMSE:         0.197323	0.230066	1.99658	1.73944	

P = 
0.00846422 0.00120531  0.0090799 0.00479629
0.00120531  0.0179993 0.00413964  0.0428934
 0.0090799 0.00413964  0.0690874  0.0160031
0.00479629  0.0428934  0.0160031   0.189135
Estimation:   -7.24939	1.02338	-5.02078	0.423621	
Ground truth: -7.08928	1.07312	-4.78638	0.87069	
RMSE:         0.196267	0.226613	1.96557	1.71387	

P = 
 0.00788067 0.000999221  0.00621975  0.00432214
0.000999221   0.0157806  0.00377724   0.0365505
 0.00621975  0.00377724   0.0467285   0.0169734
 0.00432214   0.0365505   0.0169734    0.172979
Estimation:   -7.49871	0.978869	-4.95809	0.262832	
Ground truth: -7.32835	1.11798	-4.78012	0.92438	
RMSE:         0.195532	0.224463	1.93581	1.69163	

P = 
0.00863353 0.00144662 0.00911868 0.00517081
0.00144662  0.0198822 0.00462591   0.045762
0.00911868 0.00462591  0.0692285  0.0169734
0.00517081   0.045762  0.0169734    0.19548
Estimation:   -7.74661	0.99201	-4.95809	0.262832	
Ground truth: -7.56709	1.16556	-4.77304	0.979561	
RMSE:         0.19508	0.223132	1.9074	1.67109	

P = 
0.00801512 0.00117872 0.00618635 0.00450856
0.00117872  0.0174654 0.00381886  0.0391866
0.00618635 0.00381886  0.0465037   0.016496
0.00450856  0.0391866   0.016496   0.179522
Estimation:   -7.91999	1.0632	-4.86566	0.406364	
Ground truth: -7.80545	1.21593	-4.76506	1.03621	
RMSE:         0.193245	0.221431	1.88003	1.65049	

P = 
0.00876408 0.00163633 0.00907403 0.00533336
0.00163633   0.021847 0.00464366  0.0487252
0.00907403 0.00464366  0.0690037   0.016496
0.00533336  0.0487252   0.016496   0.202022
Estimation:   -8.16328	1.08352	-4.86566	0.406364	
Ground truth: -8.04339	1.26918	-4.75615	1.09431	
RMSE:         0.191587	0.220516	1.85382	1.63143	

P = 
0.00813345 0.00137434 0.00621495 0.00476779
0.00137434  0.0191321  0.0042183   0.041615
0.00621495  0.0042183  0.0466663  0.0175093
0.00476779   0.041615  0.0175093   0.185173
Estimation:   -8.3703	1.30874	-4.86856	0.865291	
Ground truth: -8.28085	1.32536	-4.74625	1.15383	
RMSE:         0.189552	0.217533	1.82871	1.60994	

P = 
0.00888567 0.00186742 0.00911076 0.00564325
0.00186742  0.0237706 0.00509376  0.0514362
0.00911076 0.00509376  0.0691663  0.0175093
0.00564325  0.0514362  0.0175093   0.207673
Estimation:   -8.61373	1.35201	-4.86856	0.865291	
Ground truth: -8.51779	1.38455	-4.7353	1.21475	
RMSE:         0.187687	0.214716	1.80462	1.58962	

P = 
0.00826544 0.00168656 0.00642031 0.00541639
0.00168656  0.0208422 0.00548961  0.0439257
0.00642031 0.00548961  0.0476573  0.0214651
0.00541639  0.0439257  0.0214651   0.189943
Estimation:   -8.81993	1.36712	-4.50256	0.757631	
Ground truth: -8.75416	1.44681	-4.72324	1.27704	
RMSE:         0.185564	0.212329	1.78168	1.57131	

P = 
0.00904068 0.00228553 0.00936568 0.00648964
0.00228553  0.0257236 0.00656286  0.0539853
0.00936568 0.00656286  0.0701573  0.0214651
0.00648964  0.0539853  0.0214651   0.212443
Estimation:   -9.04506	1.40501	-4.50256	0.757631	
Ground truth: -8.98989	1.51223	-4.71002	1.34067	
RMSE:         0.183438	0.210343	1.75957	1.55428	

P = 
0.00838774  0.0020116 0.00654961 0.00601695
 0.0020116  0.0225484 0.00619624  0.0462421
0.00654961 0.00619624   0.048055  0.0231874
0.00601695  0.0462421  0.0231874   0.195077
Estimation:   -9.2593	1.40101	-4.7574	0.715436	
Ground truth: -9.22493	1.58085	-4.69558	1.40561	
RMSE:         0.181266	0.209652	1.73801	1.53899	

P = 
 0.0091769 0.00268022 0.00951486 0.00717632
0.00268022  0.0276744 0.00735561  0.0565584
0.00951486 0.00735561   0.070555  0.0231874
0.00717632  0.0565584  0.0231874   0.217577
Estimation:   -9.49717	1.43678	-4.7574	0.715436	
Ground truth: -9.45921	1.65276	-4.67987	1.47183	
RMSE:         0.179191	0.209805	1.71724	1.52503	

P = 
 0.0084942 0.00232654  0.0066119  0.0065063
0.00232654  0.0243307  0.0065531  0.0487006
 0.0066119  0.0065531   0.048107  0.0237778
 0.0065063  0.0487006  0.0237778   0.200567
Estimation:   -9.74685	1.37423	-4.91245	0.537477	
Ground truth: -9.69268	1.728	-4.66282	1.53929	
RMSE:         0.177288	0.214254	1.69758	1.51492	

P = 
0.00928972 0.00303895 0.00957975 0.00769519
0.00303895  0.0297162 0.00774199  0.0592914
0.00957975 0.00774199   0.070607  0.0237778
0.00769519  0.0592914  0.0237778   0.223067
Estimation:   -9.99247	1.4011	-4.91245	0.537477	
Ground truth: -9.92526	1.80665	-4.64437	1.60795	
RMSE:         0.175554	0.220453	1.67866	1.50627	

P = 
0.00857234 0.00258618 0.00657275 0.00677379
0.00258618  0.0262319 0.00645904  0.0513658
0.00657275 0.00645904  0.0477535  0.0230048
0.00677379  0.0513658  0.0230048   0.206495
Estimation:   -10.1877	1.72607	-4.7638	1.11724	
Ground truth: -10.1569	1.88875	-4.62448	1.67776	
RMSE:         0.173653	0.219335	1.66004	1.49179	

P = 
0.00936306 0.00330533 0.00952293 0.00792404
0.00330533  0.0318988 0.00760928   0.062253
0.00952293 0.00760928  0.0702535  0.0230048
0.00792404   0.062253  0.0230048   0.228995
Estimation:   -10.4259	1.78193	-4.7638	1.11724	
Ground truth: -10.3875	1.97438	-4.60307	1.7487	
RMSE:         0.171848	0.218785	1.64206	1.47842	

P = 
0.00869582 0.00302081 0.00686995 0.00755996
0.00302081  0.0281379  0.0079991  0.0536774
0.00686995  0.0079991  0.0490323  0.0274488
0.00755996  0.0536774  0.0274488   0.210518
Estimation:   -10.6849	1.9305	-4.91726	1.31729	
Ground truth: -10.6169	2.06357	-4.58009	1.82071	
RMSE:         0.1703	0.217314	1.62525	1.46445	

P = 
0.00951945 0.00386739 0.00988407  0.0089324
0.00386739   0.034046 0.00937155  0.0647658
0.00988407 0.00937155  0.0715323  0.0274488
 0.0089324  0.0647658  0.0274488   0.233018
Estimation:   -10.9308	1.99637	-4.91726	1.31729	
Ground truth: -10.8452	2.15639	-4.55549	1.89375	
RMSE:         0.168968	0.216275	1.60907	1.4515	

P = 
0.00884755 0.00356506 0.00720862  0.0085538
0.00356506  0.0301775   0.009473  0.0561813
0.00720862   0.009473  0.0502197   0.031242
 0.0085538  0.0561813   0.031242   0.215008
Estimation:   -11.1301	2.14324	-4.82701	1.46894	
Ground truth: -11.0722	2.25288	-4.52921	1.96776	
RMSE:         0.167439	0.214629	1.59314	1.43838	

P = 
0.00970802 0.00454451  0.0102821  0.0101159
0.00454451  0.0363472  0.0110351  0.0674942
 0.0102821  0.0110351  0.0727197   0.031242
 0.0101159  0.0674942   0.031242   0.237508
Estimation:   -11.3714	2.21669	-4.82701	1.46894	
Ground truth: -11.2979	2.35309	-4.50118	2.04269	
RMSE:         0.166082	0.213346	1.5778	1.42623	

P = 
0.00902667 0.00419032 0.00759038 0.00965637
0.00419032  0.0322176  0.0109163  0.0585765
0.00759038  0.0109163  0.0514263  0.0347818
0.00965637  0.0585765  0.0347818   0.219177
Estimation:   -11.6109	2.30013	-4.79875	1.48201	
Ground truth: -11.5221	2.45707	-4.47136	2.11849	
RMSE:         0.164916	0.212384	1.56293	1.41499	

P = 
0.00992834 0.00530591  0.0107242  0.0113955
0.00530591  0.0386373  0.0126554  0.0700978
 0.0107242  0.0126554  0.0739264  0.0347818
 0.0113955  0.0700978  0.0347818   0.241677
Estimation:   -11.8509	2.37423	-4.79875	1.48201	
Ground truth: -11.7448	2.56486	-4.43968	2.1951	
RMSE:         0.163983	0.211987	1.54863	1.4048	

P = 
0.00921613 0.00484823 0.00791946  0.0107268
0.00484823  0.0343321   0.012028  0.0610904
0.00791946   0.012028  0.0522592    0.03728
 0.0107268  0.0610904    0.03728   0.223715
Estimation:   -12.1011	2.57218	-4.89389	1.72129	
Ground truth: -11.9658	2.6765	-4.4061	2.27246	
RMSE:         0.163489	0.210466	1.53541	1.39354	

P = 
 0.0101528 0.00607917  0.0110949  0.0125908
0.00607917  0.0410145   0.013892  0.0728386
 0.0110949   0.013892  0.0747592    0.03728
 0.0125908  0.0728386    0.03728   0.246215
Estimation:   -12.3458	2.65824	-4.89389	1.72129	
Ground truth: -12.1851	2.79202	-4.37055	2.35051	
RMSE:         0.163437	0.209301	1.52279	1.38323	

P = 
0.00944472 0.00560758 0.00837393  0.0119414
0.00560758  0.0365284  0.0135168  0.0635738
0.00837393  0.0135168  0.0535949  0.0407939
 0.0119414  0.0635738  0.0407939   0.227756
Estimation:   -12.5939	2.67931	-4.81175	1.58549	
Ground truth: -12.4026	2.91145	-4.333	2.42918	
RMSE:         0.163986	0.209739	1.51027	1.37531	

P = 
 0.0104302 0.00698247  0.0116162  0.0139811
0.00698247  0.0434692  0.0155565  0.0755241
 0.0116162  0.0155565  0.0760949  0.0407939
 0.0139811  0.0755241  0.0407939   0.250256
Estimation:   -12.8345	2.75858	-4.81175	1.58549	
Ground truth: -12.6182	3.03483	-4.29338	2.5084	
RMSE:         0.165066	0.21111	1.49832	1.36855	

P = 
 0.0096608 0.00633779 0.00866243  0.0129882
0.00633779   0.038795  0.0143603  0.0662286
0.00866243  0.0143603   0.054107  0.0424693
 0.0129882  0.0662286  0.0424693   0.232514
Estimation:   -13.0335	2.96678	-4.71724	1.80334	
Ground truth: -12.8317	3.16218	-4.25165	2.5881	
RMSE:         0.165781	0.210845	1.4864	1.36047	

P = 
 0.0106764 0.00781138  0.0119303  0.0151117
0.00781138  0.0460132  0.0164837  0.0784168
 0.0119303  0.0164837   0.076607  0.0424693
 0.0151117  0.0784168  0.0424693   0.255014
Estimation:   -13.2694	3.05695	-4.71724	1.80334	
Ground truth: -13.0431	3.29353	-4.20776	2.66821	
RMSE:         0.167011	0.211315	1.47505	1.35346	

P = 
0.00991726 0.00715022 0.00913439  0.0141543
0.00715022   0.041021  0.0157976  0.0685743
0.00913439  0.0157976   0.055453  0.0457625
 0.0141543  0.0685743  0.0457625   0.236085
Estimation:   -13.4155	3.16917	-4.54057	1.83502	
Ground truth: -13.2522	3.42888	-4.16167	2.74865	
RMSE:         0.166948	0.212227	1.46333	1.3472	

P = 
 0.0109834 0.00876222  0.0124695  0.0164424
0.00876222  0.0484827  0.0180857  0.0809411
 0.0124695  0.0180857   0.077953  0.0457625
 0.0164424  0.0809411  0.0457625   0.258585
Estimation:   -13.6425	3.26092	-4.54057	1.83502	
Ground truth: -13.459	3.56827	-4.11333	2.82935	
RMSE:         0.167237	0.214159	1.45213	1.34208	

P = 
 0.0101891 0.00797352  0.0095968  0.0152932
0.00797352  0.0431317  0.0170911  0.0706922
 0.0095968  0.0170911  0.0566579  0.0486165
 0.0152932  0.0706922  0.0486165   0.239352
Estimation:   -13.8557	3.58357	-4.48637	2.21034	
Ground truth: -13.6633	3.71169	-4.0627	2.91022	
RMSE:         0.167679	0.213029	1.4412	1.33405	

P = 
 0.0113045 0.00971428  0.0129922   0.017724
0.00971428  0.0508133   0.019522  0.0832223
 0.0129922   0.019522  0.0791579  0.0486165
  0.017724  0.0832223  0.0486165   0.261852
Estimation:   -14.08	3.69408	-4.48637	2.21034	
Ground truth: -13.865	3.85915	-4.00974	2.99118	
RMSE:         0.168548	0.212341	1.43081	1.32696	

P = 
 0.010554 0.0089721 0.0103874 0.0167345
0.0089721 0.0452178 0.0192288 0.0725177
0.0103874 0.0192288 0.0590864  0.053497
0.0167345 0.0725177  0.053497  0.241383
Estimation:   -14.2267	3.99118	-4.24181	2.47972	
Ground truth: -14.064	4.01066	-3.95441	3.07214	
RMSE:         0.168457	0.210664	1.41987	1.3185	

P = 
0.0117546  0.010904 0.0139042 0.0194093
 0.010904 0.0530871 0.0219036 0.0851494
0.0139042 0.0219036 0.0815864  0.053497
0.0194093 0.0851494  0.053497  0.263883
Estimation:   -14.4388	4.11517	-4.24181	2.47972	
Ground truth: -14.2602	4.16622	-3.89669	3.15303	
RMSE:         0.16862	0.209109	1.4094	1.31086	

P = 
0.0110167 0.0101144 0.0113976  0.018394
0.0101144 0.0471613 0.0216567 0.0739934
0.0113976 0.0216567 0.0620944 0.0589001
 0.018394 0.0739934 0.0589001  0.242593
Estimation:   -14.6733	4.33037	-4.17037	2.59041	
Ground truth: -14.4535	4.32581	-3.83653	3.23373	
RMSE:         0.169524	0.207495	1.39912	1.30318	

P = 
0.0123258 0.0122642 0.0150648  0.021339
0.0122642 0.0551812 0.0246018 0.0866856
0.0150648 0.0246018 0.0845944 0.0589001
 0.021339 0.0866856 0.0589001  0.265093
Estimation:   -14.8818	4.45989	-4.17037	2.59041	
Ground truth: -14.6436	4.48943	-3.77392	3.31417	
RMSE:         0.170771	0.205949	1.38934	1.29634	

P = 
0.0115491 0.0113598 0.0124032 0.0201639
0.0113598 0.0491938 0.0237888  0.075739
0.0124032 0.0237888 0.0647042 0.0634277
0.0201639  0.075739 0.0634277  0.244658
Estimation:   -15.0647	4.63168	-4.07696	2.63922	
Ground truth: -14.8306	4.65706	-3.70883	3.39425	
RMSE:         0.171888	0.20443	1.37967	1.28993	

P = 
0.0129652  0.013716 0.0162009 0.0233352
 0.013716 0.0573934 0.0269601 0.0885344
0.0162009 0.0269601 0.0872042 0.0634277
0.0233352 0.0885344 0.0634277  0.267158
Estimation:   -15.2685	4.76364	-4.07696	2.63922	
Ground truth: -15.0143	4.82869	-3.64123	3.47388	
RMSE:         0.173383	0.203074	1.3705	1.2844	

P = 
0.0121228 0.0126397 0.0133595 0.0219032
0.0126397 0.0512196 0.0256286 0.0775421
0.0133595 0.0256286 0.0669461  0.067237
0.0219032 0.0775421  0.067237   0.24701
Estimation:   -15.4286	4.86654	-3.9485	2.57388	
Ground truth: -15.1945	5.00428	-3.5711	3.55294	
RMSE:         0.174413	0.202278	1.3613	1.2805	

P = 
0.0136402 0.0151844 0.0172693 0.0252651
0.0151844 0.0596054 0.0289904 0.0904551
0.0172693 0.0289904 0.0894461  0.067237
0.0252651 0.0904551  0.067237   0.26951
Estimation:   -15.626	4.99524	-3.9485	2.57388	
Ground truth: -15.3712	5.1838	-3.49844	3.63135	
RMSE:         0.175821	0.202089	1.35261	1.27759	

P = 
0.0126941   0.01388 0.0141606  0.023493
  0.01388 0.0532093 0.0270359 0.0793932
0.0141606 0.0270359  0.068566 0.0700915
 0.023493 0.0793932 0.0700915  0.249722
Estimation:   -15.7271	5.32669	-3.63477	2.8255	
Ground truth: -15.5441	5.36723	-3.42323	3.70901	
RMSE:         0.175924	0.200718	1.34328	1.27288	

P = 
0.0142956 0.0165817 0.0181514 0.0269976
0.0165817 0.0617869 0.0305405 0.0924418
0.0181514 0.0305405  0.091066 0.0700915
0.0269976 0.0924418 0.0700915  0.272222
Estimation:   -15.9089	5.46796	-3.63477	2.8255	
Ground truth: -15.7133	5.55452	-3.34546	3.78581	
RMSE:         0.176212	0.19958	1.33436	1.26907	

P = 
0.0133697  0.015214 0.0153644 0.0251521
 0.015214 0.0549635 0.0292419 0.0805347
0.0153644 0.0292419 0.0717907 0.0747122
0.0251521 0.0805347 0.0747122  0.250231
Estimation:   -16.0799	5.52129	-3.6713	2.71468	
Ground truth: -15.8785	5.74562	-3.26513	3.86164	
RMSE:         0.176581	0.19994	1.32604	1.26748	

P = 
0.0150997 0.0181205 0.0195165 0.0288877
0.0181205 0.0636567 0.0329775 0.0936088
0.0195165 0.0329775 0.0942907 0.0747122
0.0288877 0.0936088 0.0747122  0.272731
Estimation:   -16.2634	5.65702	-3.6713	2.71468	
Ground truth: -16.0396	5.94048	-3.18223	3.9364	
RMSE:         0.177304	0.2013	1.31828	1.26687	

P = 
0.0140215 0.0164932 0.0162218 0.0267089
0.0164932 0.0567868   0.03059 0.0821463
0.0162218   0.03059  0.073466 0.0774162
0.0267089 0.0821463 0.0774162  0.252548
Estimation:   -16.4278	5.80165	-3.53405	2.68562	
Ground truth: -16.1965	6.13906	-3.09679	4.00999	
RMSE:         0.178132	0.203714	1.31043	1.26765	

P = 
0.0158414 0.0195516 0.0204576 0.0305797
0.0195516 0.0656469 0.0344608 0.0953362
0.0204576 0.0344608  0.095966 0.0774162
0.0305797 0.0953362 0.0774162  0.275048
Estimation:   -16.6045	5.93593	-3.53405	2.68562	
Ground truth: -16.3491	6.34128	-3.00879	4.08229	
RMSE:         0.179365	0.207642	1.30317	1.26944	

P = 
 0.014676 0.0177512 0.0170552  0.028174
0.0177512  0.058601 0.0319092 0.0837407
0.0170552 0.0319092 0.0751701 0.0800887
 0.028174 0.0837407 0.0800887  0.254714
Estimation:   -16.7614	5.93411	-3.44045	2.46136	
Ground truth: -16.4972	6.54708	-2.91826	4.1532	
RMSE:         0.180723	0.217796	1.29605	1.27582	

P = 
0.0165835 0.0209556 0.0213762 0.0321784
0.0209556 0.0676259 0.0359136 0.0970389
0.0213762 0.0359136 0.0976701 0.0800887
0.0321784 0.0970389 0.0800887  0.277214
Estimation:   -16.9334	6.05718	-3.44045	2.46136	
Ground truth: -16.6407	6.75639	-2.82522	4.22261	
RMSE:         0.182594	0.230423	1.2896	1.2832	

P = 
0.0152442 0.0188738  0.017542 0.0294064
0.0188738 0.0604216  0.032586 0.0855562
 0.017542  0.032586 0.0757466 0.0814571
0.0294064 0.0855562 0.0814571  0.257781
Estimation:   -17.0486	6.41531	-3.39981	2.81819	
Ground truth: -16.7795	6.96912	-2.72968	4.29042	
RMSE:         0.183943	0.237287	1.28363	1.28577	

P = 
0.0172018 0.0221771 0.0218918 0.0334792
0.0221771 0.0696357 0.0366589 0.0990078
0.0218918 0.0366589 0.0982466 0.0814571
0.0334792 0.0990078 0.0814571  0.280281
Estimation:   -17.2186	6.55621	-3.39981	2.81819	
Ground truth: -16.9135	7.18521	-2.63167	4.3565	
RMSE:         0.185945	0.246062	1.27847	1.28923	

P = 
 0.015947 0.0201388  0.018679 0.0307664
0.0201388 0.0621119 0.0345613 0.0866517
 0.018679 0.0345613 0.0788069 0.0854244
0.0307664 0.0866517 0.0854244  0.258171
Estimation:   -17.2728	6.95303	-3.08771	3.1219	
Ground truth: -17.0425	7.40456	-2.53122	4.42077	
RMSE:         0.186557	0.249632	1.27205	1.28935	

P = 
 0.018026 0.0236187 0.0231818 0.0350376
0.0236187 0.0714366 0.0388325  0.100123
0.0231818 0.0388325  0.101307 0.0854244
0.0350376  0.100123 0.0854244  0.280671
Estimation:   -17.4272	7.10913	-3.08771	3.1219	
Ground truth: -17.1665	7.62707	-2.42838	4.4831	
RMSE:         0.187637	0.254613	1.26637	1.29025	

P = 
 0.016829 0.0215516 0.0203471 0.0323029
0.0215516 0.0634954 0.0372526  0.086959
0.0203471 0.0372526 0.0834622 0.0906466
0.0323029  0.086959 0.0906466  0.256518
Estimation:   -17.5688	7.2731	-3.13492	3.16429	
Ground truth: -17.2852	7.85264	-2.32317	4.54339	
RMSE:         0.189083	0.260947	1.26187	1.29136	

P = 
0.0190864  0.025256 0.0250827 0.0368353
 0.025256 0.0728466 0.0417849  0.100347
0.0250827 0.0417849  0.105962 0.0906466
0.0368353  0.100347 0.0906466  0.279018
Estimation:   -17.7256	7.43132	-3.13492	3.16429	
Ground truth: -17.3986	8.08118	-2.21565	4.60153	
RMSE:         0.19131	0.268906	1.25834	1.29319	

P = 
0.0177708 0.0230224  0.021796 0.0339927
0.0230224 0.0649651 0.0392864 0.0877987
 0.021796 0.0392864 0.0867971 0.0944944
0.0339927 0.0877987 0.0944944  0.256775
Estimation:   -17.7372	7.89872	-2.79585	3.53375	
Ground truth: -17.5066	8.31257	-2.10586	4.65742	
RMSE:         0.191819	0.271062	1.25315	1.29133	

P = 
0.0201814 0.0269226 0.0266983 0.0387174
0.0269226  0.074401 0.0440111    0.1012
0.0266983 0.0440111  0.109297 0.0944944
0.0387174    0.1012 0.0944944  0.279275
Estimation:   -17.877	8.07541	-2.79585	3.53375	
Ground truth: -17.6091	8.54669	-1.99386	4.71095	
RMSE:         0.192876	0.274231	1.24884	1.29006	

P = 
0.0189349 0.0246344 0.0239304 0.0357346
0.0246344 0.0660384 0.0421947 0.0875737
0.0239304 0.0421947 0.0924383 0.0998856
0.0357346 0.0875737 0.0998856  0.253998
Estimation:   -17.9452	8.21892	-2.53703	3.40341	
Ground truth: -17.7059	8.78343	-1.87971	4.76202	
RMSE:         0.193473	0.279287	1.24364	1.29087	

P = 
0.0215731 0.0287806 0.0291148 0.0407288
0.0287806 0.0754448  0.047189  0.100836
0.0291148  0.047189  0.114938 0.0998856
0.0407288  0.100836 0.0998856  0.276498
Estimation:   -18.0721	8.38909	-2.53703	3.40341	
Ground truth: -17.797	9.02267	-1.76348	4.81052	
RMSE:         0.194593	0.285791	1.2393	1.29225	

P = 
 0.020136 0.0262384 0.0257065 0.0375604
0.0262384 0.0671113 0.0442229 0.0878954
0.0257065 0.0442229  0.096316  0.103683
0.0375604 0.0878954  0.103683  0.253391
Estimation:   -18.0784	8.81672	-2.1461	3.63652	
Ground truth: -17.8822	9.26426	-1.64522	4.85637	
RMSE:         0.19461	0.288113	1.23346	1.29146	

P = 
0.0229615 0.0305868 0.0310848 0.0427446
0.0305868 0.0765484 0.0494071  0.101127
0.0310848 0.0494071  0.118816  0.103683
0.0427446  0.101127  0.103683  0.275891
Estimation:   -18.1857	8.99855	-2.1461	3.63652	
Ground truth: -17.9614	9.50807	-1.52502	4.89946	
RMSE:         0.194965	0.291498	1.22834	1.29114	

P = 
0.0215282 0.0279183 0.0280274 0.0393205
0.0279183 0.0678446 0.0468373 0.0873688
0.0280274 0.0468373  0.102049  0.108425
0.0393205 0.0873688  0.108425  0.250351
Estimation:   -18.179	9.4133	-1.88098	3.88994	
Ground truth: -18.0346	9.75398	-1.40296	4.9397	
RMSE:         0.194481	0.292084	1.2226	1.28874	

P = 
0.0246002 0.0324972 0.0336924 0.0447417
0.0324972 0.0772214 0.0522585  0.100449
0.0336924 0.0522585  0.124549  0.108425
0.0447417  0.100449  0.108425  0.272851
Estimation:   -18.273	9.6078	-1.88098	3.88994	
Ground truth: -18.1016	10.0018	-1.27911	4.97699	
RMSE:         0.194245	0.293382	1.21755	1.28671	

P = 
0.0231279 0.0296758 0.0307179 0.0410979
0.0296758 0.0682987 0.0496005 0.0863666
0.0307179 0.0496005  0.108665  0.113287
0.0410979 0.0863666  0.113287  0.246266
Estimation:   -18.4809	9.59043	-1.98491	3.56988	
Ground truth: -18.1624	10.2515	-1.15357	5.01125	
RMSE:         0.196001	0.299744	1.21405	1.28847	

P = 
0.0264854  0.034494 0.0367137 0.0467623
 0.034494 0.0775651 0.0552649 0.0992424
0.0367137 0.0552649  0.131165  0.113287
0.0467623 0.0992424  0.113287  0.268766
Estimation:   -18.5802	9.76893	-1.98491	3.56988	
Ground truth: -18.2169	10.5027	-1.02642	5.04239	
RMSE:         0.198524	0.307601	1.21162	1.29057	

P = 
0.0246272 0.0313939 0.0323539 0.0431351
0.0313939 0.0692328 0.0508314 0.0871672
0.0323539 0.0508314  0.111112  0.115812
0.0431351 0.0871672  0.115812    0.2475
Estimation:   -18.6502	10.0536	-2.04828	3.77279	
Ground truth: -18.265	10.7555	-0.897764	5.07032	
RMSE:         0.201391	0.314337	1.21099	1.29064	

P = 
0.0281544 0.0363817  0.038472 0.0489257
0.0363817 0.0785823  0.056622  0.100105
 0.038472  0.056622  0.133612  0.115812
0.0489257  0.100105  0.115812      0.27
Estimation:   -18.7526	10.2423	-2.04828	3.77279	
Ground truth: -18.3066	11.0095	-0.767697	5.09498	
RMSE:         0.205446	0.322351	1.21174	1.29098	

P = 
 0.026187 0.0331077 0.0342826 0.0449441
0.0331077 0.0701107 0.0525271 0.0875426
0.0342826 0.0525271  0.114961  0.118966
0.0449441 0.0875426  0.118966  0.246962
Estimation:   -18.7717	10.5217	-1.71997	3.75584	
Ground truth: -18.3417	11.2647	-0.636323	5.11627	
RMSE:         0.208996	0.329439	1.21048	1.29171	

P = 
0.0299167 0.0382787 0.0405932 0.0508924
0.0382787 0.0794964 0.0584754  0.100453
0.0405932 0.0584754  0.137461  0.118966
0.0508924  0.100453  0.118966  0.269462
Estimation:   -18.8577	10.7095	-1.71997	3.75584	
Ground truth: -18.3702	11.5209	-0.503751	5.13414	
RMSE:         0.213679	0.337847	1.21054	1.29262	

P = 
0.0278052 0.0347766 0.0363978 0.0465634
0.0347766 0.0707999 0.0543728 0.0874673
0.0363978 0.0543728  0.119536  0.122245
0.0465634 0.0874673  0.122245  0.245232
Estimation:   -18.8487	11.065	-1.50567	3.91743	
Ground truth: -18.392	11.778	-0.370091	5.14852	
RMSE:         0.217495	0.343689	1.20981	1.29202	

P = 
0.0317579  0.040129 0.0429371 0.0526757
 0.040129 0.0801738  0.060485  0.100291
0.0429371  0.060485  0.142036  0.122245
0.0526757  0.100291  0.122245  0.267732
Estimation:   -18.924	11.2609	-1.50567	3.91743	
Ground truth: -18.4072	12.0356	-0.235457	5.15934	
RMSE:         0.22249	0.350631	1.21043	1.29153	

P = 
0.0295603 0.0364435  0.038887 0.0480332
0.0364435 0.0712371 0.0564919 0.0867924
 0.038887 0.0564919  0.125264  0.125775
0.0480332 0.0867924  0.125775   0.24199
Estimation:   -18.8904	11.5998	-1.40554	4.13633	
Ground truth: -18.4156	12.2937	-0.099968	5.16654	
RMSE:         0.226371	0.355657	1.21141	1.2892	

P = 
0.0337762 0.0419842 0.0457127  0.054322
0.0419842 0.0805354 0.0627806 0.0994544
0.0457127 0.0627806  0.147764  0.125775
 0.054322 0.0994544  0.125775   0.26449
Estimation:   -18.9607	11.8066	-1.40554	4.13633	
Ground truth: -18.4171	12.552	0.0362564	5.17007	
RMSE:         0.2316	0.361522	1.21388	1.28694	

P = 
0.0314644 0.0381109 0.0416291 0.0494366
0.0381109 0.0714459 0.0586483 0.0857494
0.0416291 0.0586483  0.131547  0.129236
0.0494366 0.0857494  0.129236  0.238058
Estimation:   -18.845	12.2888	-0.992154	4.36653	
Ground truth: -18.4119	12.8105	0.173093	5.16989	
RMSE:         0.23439	0.363416	1.21341	1.28312	

P = 
0.0359703 0.0438383 0.0487689 0.0558984
0.0438383 0.0806301 0.0651101 0.0982148
0.0487689 0.0651101  0.154047  0.129236
0.0558984 0.0982148  0.129236  0.260558
Estimation:   -18.8946	12.5072	-0.992154	4.36653	
Ground truth: -18.3998	13.0688	0.310414	5.16594	
RMSE:         0.238252	0.365834	1.2143	1.27934	

P = 
0.0336148 0.0397595 0.0449877 0.0505846
0.0397595 0.0711788  0.061085 0.0837068
0.0449877  0.061085  0.139643  0.132816
0.0505846 0.0837068  0.132816  0.231745
Estimation:   -18.9387	12.6188	-0.736033	4.02947	
Ground truth: -18.3809	13.3269	0.448093	5.1582	
RMSE:         0.243283	0.370587	1.21402	1.27799	

P = 
0.0384767  0.045675 0.0525324 0.0572254
 0.045675 0.0801429 0.0677258 0.0958565
0.0525324 0.0677258  0.162143  0.132816
0.0572254 0.0958565  0.132816  0.254245
Estimation:   -18.9755	12.8203	-0.736033	4.02947	
Ground truth: -18.355	13.5845	0.585998	5.14663	
RMSE:         0.24952	0.376229	1.21508	1.27657	

P = 
 0.035752 0.0413938 0.0475963 0.0521712
0.0413938 0.0711268 0.0625387 0.0829443
0.0475963 0.0625387  0.144675  0.135438
0.0521712 0.0829443  0.135438  0.229432
Estimation:   -18.812	13.3598	-0.368195	4.37055	
Ground truth: -18.3223	13.8414	0.723997	5.1312	
RMSE:         0.252823	0.37735	1.21399	1.27272	

P = 
0.0408874 0.0474679 0.0553926 0.0589431
0.0474679 0.0800088 0.0693106 0.0949783
0.0553926 0.0693106  0.167175  0.135438
0.0589431 0.0949783  0.135438  0.251932
Estimation:   -18.8304	13.5783	-0.368195	4.37055	
Ground truth: -18.2826	14.0974	0.861956	5.11189	
RMSE:         0.257111	0.378906	1.21414	1.26882	

P = 
0.0381353 0.0429391 0.0511434 0.0531043
0.0429391 0.0704978 0.0646336 0.0806009
0.0511434 0.0646336   0.15303  0.138315
0.0531043 0.0806009  0.138315  0.222726
Estimation:   -18.7217	13.956	0.0170253	4.37411	
Ground truth: -18.2361	14.3524	0.999739	5.08868	
RMSE:         0.26012	0.37907	1.21222	1.26484	

P = 
0.0436463 0.0491718 0.0593574 0.0600201
0.0491718 0.0791288 0.0715493 0.0922996
0.0593574 0.0715493   0.17553  0.138315
0.0600201 0.0922996  0.138315  0.245226
Estimation:   -18.7208	14.1747	0.0170253	4.37411	
Ground truth: -18.1827	14.6061	1.13721	5.06157	
RMSE:         0.263969	0.379578	1.21142	1.26078	

P = 
0.0407021 0.0444458 0.0548037 0.0540425
0.0444458 0.0696566 0.0664568 0.0782059
0.0548037 0.0664568  0.161261  0.140795
0.0540425 0.0782059  0.140795  0.216334
Estimation:   -18.5761	14.5365	0.483318	4.29001	
Ground truth: -18.1224	14.8584	1.27423	5.03055	
RMSE:         0.266283	0.379098	1.20828	1.25705	

P = 
0.0465997 0.0508228 0.0634293 0.0610822
0.0508228 0.0780321 0.0734966 0.0895851
0.0634293 0.0734966  0.183761  0.140795
0.0610822 0.0895851  0.140795  0.238834
Estimation:   -18.5519	14.751	0.483318	4.29001	
Ground truth: -18.0553	15.1091	1.41067	4.99562	
RMSE:         0.269212	0.378915	1.20606	1.2532	

P = 
0.0434057 0.0458491 0.0585438 0.0548525
0.0458491  0.068562  0.068001 0.0756432
0.0585438  0.068001  0.169502  0.142826
0.0548525 0.0756432  0.142826  0.209847
Estimation:   -18.3478	15.1812	0.711757	4.56202	
Ground truth: -17.9814	15.3578	1.54638	4.95679	
RMSE:         0.270226	0.3776	1.20328	1.2482	

P = 
0.0496979 0.0523489 0.0675814 0.0619938
0.0523489  0.076665 0.0751423 0.0866981
0.0675814 0.0751423  0.192002  0.142826
0.0619938 0.0866981  0.142826  0.232347
Estimation:   -18.3122	15.4093	0.711757	4.56202	
Ground truth: -17.9007	15.6046	1.68122	4.91408	
RMSE:         0.271785	0.376385	1.20142	1.24315	

P = 
0.0462995 0.0471191 0.0626422 0.0552893
0.0471191 0.0671035 0.0694548 0.0724832
0.0626422 0.0694548  0.178728  0.144349
0.0552893 0.0724832  0.144349  0.202031
Estimation:   -18.2499	15.5582	0.772329	4.44322	
Ground truth: -17.8133	15.8491	1.81507	4.8675	
RMSE:         0.273647	0.375726	1.20014	1.23836	

P = 
0.0530246 0.0537172 0.0721411 0.0625067
0.0537172 0.0748709 0.0766722 0.0831473
0.0721411 0.0766722  0.201228  0.144349
0.0625067 0.0831473  0.144349  0.224531
Estimation:   -18.2113	15.7804	0.772329	4.44322	
Ground truth: -17.7192	16.0912	1.94777	4.81708	
RMSE:         0.276269	0.375214	1.19992	1.2335	

P = 
0.0492129 0.0483776 0.0661341 0.0562464
0.0483776 0.0658638 0.0703092 0.0704901
0.0661341 0.0703092  0.185503  0.145785
0.0562464 0.0704901  0.145785  0.197536
Estimation:   -18.2706	15.9201	0.590441	4.40198	
Ground truth: -17.6185	16.3307	2.0792	4.76286	
RMSE:         0.281614	0.37553	1.20269	1.22867	

P = 
0.0563041 0.0550699 0.0759718 0.0635357
0.0550699 0.0734207 0.0775985 0.0809294
0.0759718 0.0775985  0.208003  0.145785
0.0635357 0.0809294  0.145785  0.220036
Estimation:   -18.241	16.1402	0.590441	4.40198	
Ground truth: -17.5113	16.5674	2.20923	4.70486	
RMSE:         0.288352	0.375998	1.20682	1.22377	

P = 
0.0520556 0.0496604 0.0690186 0.0575989
0.0496604 0.0649944 0.0708526 0.0695494
0.0690186 0.0708526  0.190336  0.147287
0.0575989 0.0695494  0.147287   0.19545
Estimation:   -18.055	16.3203	1.14439	3.98292	
Ground truth: -17.3977	16.8011	2.33771	4.64314	
RMSE:         0.293393	0.377	1.2067	1.22012	

P = 
0.0594474 0.0564512 0.0790979 0.0649633
0.0564512 0.0724521 0.0782169 0.0798844
0.0790979 0.0782169  0.212836  0.147287
0.0649633 0.0798844  0.147287   0.21795
Estimation:   -17.9978	16.5194	1.14439	3.98292	
Ground truth: -17.2776	17.0316	2.46452	4.57774	
RMSE:         0.299474	0.378326	1.20769	1.21624	

P = 
0.0546979 0.0506358 0.0718226 0.0582737
0.0506358 0.0638667 0.0712874 0.0679745
0.0718226 0.0712874  0.195852  0.148144
0.0582737 0.0679745  0.148144   0.19162
Estimation:   -17.805	16.7625	1.62567	3.68875	
Ground truth: -17.1512	17.2588	2.58952	4.50871	
RMSE:         0.304098	0.379452	1.20588	1.2135	

P = 
0.0623839 0.0574843 0.0821778 0.0656809
0.0574843 0.0711572 0.0786946  0.078118
0.0821778 0.0786946  0.218352  0.148144
0.0656809  0.078118  0.148144   0.21412
Estimation:   -17.7237	16.9469	1.62567	3.68875	
Ground truth: -17.0187	17.4824	2.71259	4.43613	
RMSE:         0.309502	0.380991	1.20495	1.21041	

P = 
0.0572385 0.0513561 0.0747057 0.0584002
0.0513561  0.062476  0.071636 0.0658212
0.0747057  0.071636  0.202121  0.148449
0.0584002 0.0658212  0.148449  0.186389
Estimation:   -17.4907	17.1922	1.92417	3.63659	
Ground truth: -16.88	17.7023	2.83361	4.36005	
RMSE:         0.313122	0.382216	1.20284	1.20724	

P = 
