Listening to port 4567
Connected!!!
FusionEKF::ProcessMeasurement First measurement
Using LASER
State vector(x) = 0.312243	0.58034	0	0
Estimation:   0.312243	0.58034	0	0	
Ground truth: 0.6	0.6	5.19994	0	
RMSE:         0.287757	0.0196602	5.19994	0	

P = 
  0.0188397   0.0342893  0.00441314 -0.00217457
  0.0342893   0.0641216 -0.00217459  0.00154144
 0.00441314 -0.00217459     221.662    -119.214
-0.00217457  0.00154144    -119.214     64.2309
Estimation:   0.779913	0.722413	6.65259	1.97674	
Ground truth: 0.859997	0.600045	5.19975	0.00179686	
RMSE:         0.211208	0.0876373	3.81773	1.3965	

P = 
 0.573451 -0.263962   11.0881  -5.96285
-0.263962  0.224867  -5.96285   3.21365
  11.0881  -5.96285   221.685  -119.214
 -5.96285   3.21365  -119.214   64.2534
Estimation:   1.11254	0.821251	6.65259	1.97674	
Ground truth: 1.11998	0.600225	5.19943	0.00538996	
RMSE:         0.172504	0.146302	3.22809	1.61107	

P = 
 0.0145161  0.0104545  0.0550815 -0.0523621
 0.0104545  0.0105564  0.0308534 -0.0263874
 0.0550815  0.0308534   0.276036  -0.232627
-0.0523621 -0.0263874  -0.232627   0.306754
Estimation:   0.78187	0.236848	3.90867	2.6457	
Ground truth: 1.37996	0.600629	5.19898	0.0107781	
RMSE:         0.334282	0.22167	2.86909	1.91895	

P = 
 0.0207284 0.00879746  0.0694458 -0.0639934
0.00879746 0.00869857  0.0192221 -0.0104872
 0.0694458  0.0192221   0.298536  -0.232627
-0.0639934 -0.0104872  -0.232627   0.329254
Estimation:   0.977303	0.369133	3.90867	2.6457	
Ground truth: 1.6399	0.601347	5.19839	0.0179597	
RMSE:         0.420956	0.223818	2.63021	2.08012	

P = 
 0.0143494  0.0053271  0.0312163 -0.0388708
 0.0053271 0.00336772 0.00934025 -0.0103762
 0.0312163 0.00934025   0.103675 -0.0854009
-0.0388708 -0.0103762 -0.0854009   0.179851
Estimation:   1.39558	0.471669	4.77881	1.90547	
Ground truth: 1.89982	0.60247	5.19766	0.0269323	
RMSE:         0.435944	0.21118	2.40712	2.0479	

P = 
   0.0177443   0.00363707    0.0369626   -0.0431409
  0.00363707   0.00279379   0.00507021 -0.000821185
   0.0369626   0.00507021     0.126175   -0.0854009
  -0.0431409 -0.000821185   -0.0854009     0.202351
Estimation:   1.63452	0.566942	4.77881	1.90547	
Ground truth: 2.1597	0.604086	5.19678	0.0376932	
RMSE:         0.449779	0.196018	2.23416	2.02315	

P = 
 0.0128302 0.00226885  0.0187885 -0.0261128
0.00226885 0.00213888 0.00152119 0.00234791
 0.0187885 0.00152119  0.0644595 -0.0413706
-0.0261128 0.00234791 -0.0413706    0.13705
Estimation:   1.94837	0.616567	4.91254	1.49269	
Ground truth: 2.41954	0.606284	5.19573	0.0502389	
RMSE:         0.452508	0.183394	2.09226	1.95999	

P = 
   0.0148842  0.000935845    0.0225739   -0.0281814
 0.000935845   0.00273036 -0.000547342   0.00976289
   0.0225739 -0.000547342    0.0869595   -0.0413706
  -0.0281814   0.00976289   -0.0413706      0.15955
Estimation:   2.194	0.691202	4.91254	1.49269	
Ground truth: 2.67932	0.609155	5.1945	0.0645654	
RMSE:         0.45627	0.175055	1.97484	1.90823	

P = 
   0.0114653  0.000893456    0.0125018   -0.0168259
 0.000893456   0.00254364 -0.000894518    0.0087121
   0.0125018 -0.000894518    0.0532205    -0.024654
  -0.0168259    0.0087121    -0.024654     0.116575
Estimation:   2.59514	0.693552	5.16947	0.933134	
Ground truth: 2.93904	0.612786	5.19309	0.080668	
RMSE:         0.446309	0.168025	1.87351	1.83027	

P = 
   0.0128626 -5.41993e-05    0.0157254   -0.0180586
-5.41993e-05   0.00372035  -0.00212722    0.0151033
   0.0157254  -0.00212722    0.0757205    -0.024654
  -0.0180586    0.0151033    -0.024654     0.139075
Estimation:   2.85361	0.740209	5.16947	0.933134	
Ground truth: 3.19869	0.617267	5.19147	0.0985415	
RMSE:         0.438073	0.164438	1.78634	1.76314	

P = 
   0.010711 0.000211696  0.00932714   -0.011717
0.000211696  0.00350997 -0.00174231   0.0129853
 0.00932714 -0.00174231   0.0491879  -0.0181291
  -0.011717   0.0129853  -0.0181291    0.114694
Estimation:   3.24496	0.660294	5.32238	0.290107	
Ground truth: 3.45825	0.622685	5.18963	0.11818	
RMSE:         0.423919	0.157811	1.71072	1.68881	

P = 
   0.0117807 -0.000506592     0.012349   -0.0126234
-0.000506592   0.00510931  -0.00264876    0.0192825
    0.012349  -0.00264876    0.0716879   -0.0181291
  -0.0126234    0.0192825   -0.0181291     0.137194
Estimation:   3.51108	0.674799	5.32238	0.290107	
Ground truth: 3.71772	0.62913	5.18754	0.139576	
RMSE:         0.411301	0.152148	1.64403	1.62309	

P = 
  0.0102338 -0.00017874   0.0075305 -0.00862792
-0.00017874  0.00473787 -0.00178926   0.0165915
  0.0075305 -0.00178926   0.0469219   -0.013592
-0.00862792   0.0165915   -0.013592    0.120188
Estimation:   3.84273	0.671794	5.44072	0.191846	
Ground truth: 3.97708	0.636689	5.18519	0.162724	
RMSE:         0.397963	0.146913	1.5857	1.56407	

P = 
   0.0111182 -0.000733579    0.0104391  -0.00930752
-0.000733579   0.00671156  -0.00246886    0.0231634
   0.0104391  -0.00246886    0.0694219    -0.013592
 -0.00930752    0.0231634    -0.013592     0.142688
Estimation:   4.11477	0.681386	5.44072	0.191846	
Ground truth: 4.23632	0.645449	5.18256	0.187614	
RMSE:         0.385747	0.142235	1.53338	1.51104	

P = 
  0.00985638 -0.000371405   0.00662909  -0.00649928
-0.000371405   0.00612757  -0.00179658    0.0198291
  0.00662909  -0.00179658    0.0461811   -0.0118738
 -0.00649928    0.0198291   -0.0118738     0.127396
Estimation:   4.39697	0.678886	5.32318	0.125972	
Ground truth: 4.49542	0.655498	5.17962	0.214238	
RMSE:         0.374308	0.137842	1.48512	1.46322	

P = 
   0.0106488 -0.000815882   0.00950065  -0.00709297
-0.000815882   0.00844303  -0.00239027    0.0267614
  0.00950065  -0.00239027    0.0686811   -0.0118738
 -0.00709297    0.0267614   -0.0118738     0.149896
Estimation:   4.66313	0.685185	5.32318	0.125972	
Ground truth: 4.75437	0.666921	5.17634	0.242587	
RMSE:         0.363806	0.1338	1.44122	1.41982	

P = 
  0.00955747 -0.000454997   0.00617406  -0.00504987
-0.000454997   0.00757537  -0.00183559    0.0227414
  0.00617406  -0.00183559    0.0459044   -0.0112607
 -0.00504987    0.0227414   -0.0112607     0.134908
Estimation:   4.93376	0.670604	5.12071	0.0327874	
Ground truth: 5.01315	0.679804	5.1727	0.272649	
RMSE:         0.354051	0.130048	1.40067	1.38097	

P = 
   0.0103037 -0.000827422   0.00903178  -0.00561291
-0.000827422    0.0102008  -0.00239863    0.0300493
  0.00903178  -0.00239863    0.0684044   -0.0112607
 -0.00561291    0.0300493   -0.0112607     0.157408
Estimation:   5.1898	0.672244	5.12071	0.0327874	
Ground truth: 5.27175	0.694234	5.16867	0.304413	
RMSE:         0.34512	0.12668	1.36335	1.34558	

P = 
   0.0093238 -0.000493785   0.00593527  -0.00409602
-0.000493785   0.00905006  -0.00184578    0.0254728
  0.00593527  -0.00184578    0.0457047   -0.0107839
 -0.00409602    0.0254728   -0.0107839      0.14254
Estimation:   5.4447	0.670916	5.27379	0.0425974	
Ground truth: 5.53013	0.710295	5.16422	0.337868	
RMSE:         0.336923	0.123786	1.32906	1.31317	

P = 
   0.0100457 -0.000817835   0.00878301  -0.00463521
-0.000817835    0.0119677  -0.00238497    0.0331623
  0.00878301  -0.00238497    0.0682047   -0.0107839
 -0.00463521    0.0331623   -0.0107839      0.16504
Estimation:   5.70839	0.673046	5.27379	0.0425974	
Ground truth: 5.78828	0.728072	5.15932	0.372999	
RMSE:         0.329265	0.121398	1.29727	1.28355	

P = 
  0.00914199 -0.000525819   0.00582135  -0.00351426
-0.000525819    0.0105831  -0.00190701    0.0282004
  0.00582135  -0.00190701    0.0455937    -0.010635
 -0.00351426    0.0282004    -0.010635     0.150303
Estimation:   5.95326	0.576823	5.11046	-0.230997	
Ground truth: 6.04618	0.747647	5.15393	0.409793	
RMSE:         0.322304	0.124073	1.26748	1.26146	

P = 
 0.00985217 -0.00082347  0.00866353 -0.00404601
-0.00082347    0.013793 -0.00243876    0.036278
 0.00866353 -0.00243876   0.0680937   -0.010635
-0.00404601    0.036278   -0.010635    0.172803
Estimation:   6.20879	0.565273	5.11046	-0.230997	
Ground truth: 6.30379	0.769103	5.14803	0.448233	
RMSE:         0.315842	0.128573	1.23964	1.24183	

P = 
   0.0089962 -0.000537065   0.00571469  -0.00302386
-0.000537065    0.0121303  -0.00156964    0.0308507
  0.00571469  -0.00156964    0.0452161  -0.00879944
 -0.00302386    0.0308507  -0.00879944     0.157881
Estimation:   6.46973	0.638333	5.07558	-0.0196798	
Ground truth: 6.5611	0.792523	5.14157	0.488305	
RMSE:         0.309754	0.129742	1.21361	1.2201	

P = 
  0.00969477 -0.000788739     0.008538  -0.00346383
-0.000788739    0.0156241  -0.00200961    0.0393073
    0.008538  -0.00200961    0.0677161  -0.00879944
 -0.00346383    0.0393073  -0.00879944     0.180381
Estimation:   6.72351	0.637349	5.07558	-0.0196798	
Ground truth: 6.81808	0.817988	5.13452	0.52999	
RMSE:         0.304084	0.132155	1.18915	1.2005	

P = 
  0.00888359 -0.000571132   0.00570516  -0.00281718
-0.000571132    0.0137695  -0.00176962    0.0335811
  0.00570516  -0.00176962    0.0452591  -0.00940814
 -0.00281718    0.0335811  -0.00940814      0.16524
Estimation:   6.98406	0.627014	4.89737	-0.058668	
Ground truth: 7.07469	0.845578	5.12685	0.573269	
RMSE:         0.298709	0.136493	1.16693	1.18369	

P = 
  0.00958132 -0.000823992   0.00853062  -0.00328759
-0.000823992    0.0175548  -0.00224002    0.0424056
  0.00853062  -0.00224002    0.0677591  -0.00940814
 -0.00328759    0.0424056  -0.00940814      0.18774
Estimation:   7.22892	0.624081	4.89737	-0.058668	
Ground truth: 7.3309	0.875373	5.11851	0.618123	
RMSE:         0.293781	0.142405	1.14591	1.16884	

P = 
  0.00879549 -0.000617793   0.00569878  -0.00271616
-0.000617793     0.015463  -0.00185773    0.0363087
  0.00569878  -0.00185773    0.0452118  -0.00939921
 -0.00271616    0.0363087  -0.00939921     0.172344
Estimation:   7.56695	0.668595	5.22002	0.0585623	
Ground truth: 7.58668	0.907449	5.10946	0.664531	
RMSE:         0.288511	0.146944	1.12545	1.15348	

P = 
  0.00949246 -0.000869985   0.00852187  -0.00318612
-0.000869985    0.0195388  -0.00232769    0.0454884
  0.00852187  -0.00232769    0.0677118  -0.00939921
 -0.00318612    0.0454884  -0.00939921     0.194844
Estimation:   7.82795	0.671523	5.22002	0.0585623	
Ground truth: 7.84199	0.941886	5.09966	0.712469	
RMSE:         0.283505	0.152868	1.1061	1.1399	

P = 
  0.00872982 -0.000704803   0.00571759  -0.00278079
-0.000704803    0.0173722  -0.00212581    0.0393846
  0.00571759  -0.00212581    0.0452568   -0.0100271
 -0.00278079    0.0393846   -0.0100271     0.179906
Estimation:   8.08872	0.726961	5.00777	0.161685	
Ground truth: 8.0968	0.978759	5.08907	0.761915	
RMSE:         0.278744	0.157172	1.08761	1.12609	

P = 
  0.00942878 -0.000975201   0.00854293  -0.00328214
-0.000975201    0.0217745  -0.00262716    0.0489424
  0.00854293  -0.00262716    0.0677568   -0.0100271
 -0.00328214    0.0489424   -0.0100271     0.202406
Estimation:   8.33911	0.735045	5.00777	0.161685	
Ground truth: 8.35106	1.01814	5.07766	0.812843	
RMSE:         0.27422	0.162762	1.07	1.11393	

P = 
  0.00868291 -0.000828134   0.00575593   -0.0029712
-0.000828134    0.0193182  -0.00253886    0.0423221
  0.00575593  -0.00253886    0.0453764   -0.0111156
  -0.0029712    0.0423221   -0.0111156     0.186713
Estimation:   8.60455	0.942689	5.25869	0.616948	
Ground truth: 8.60472	1.06011	5.06537	0.865226	
RMSE:         0.269901	0.161537	1.0537	1.09727	

P = 
 0.00938601 -0.00113143  0.00858725 -0.00352699
-0.00113143   0.0240313 -0.00309464   0.0522202
 0.00858725 -0.00309464   0.0678764  -0.0111156
-0.00352699   0.0522202  -0.0111156    0.209213
Estimation:   8.86749	0.973536	5.25869	0.616948	
Ground truth: 8.85775	1.10473	5.05216	0.919037	
RMSE:         0.265786	0.160702	1.03824	1.08179	

P = 
 0.00866666 -0.00107458  0.00589443 -0.00355496
-0.00107458   0.0213484 -0.00372391   0.0451981
 0.00589443 -0.00372391   0.0459782    -0.01479
-0.00355496   0.0451981    -0.01479    0.192824
Estimation:   9.19768	1.02847	5.27556	0.655036	
Ground truth: 9.1101	1.15208	5.03798	0.974245	
RMSE:         0.262278	0.159734	1.02367	1.06717	

P = 
 0.00938511  -0.0014755  0.00875584 -0.00429446
 -0.0014755   0.0263643 -0.00446341   0.0554018
 0.00875584 -0.00446341   0.0684782    -0.01479
-0.00429446   0.0554018    -0.01479    0.215324
Estimation:   9.46146	1.06123	5.27556	0.655036	
Ground truth: 9.36172	1.20223	5.0228	1.03082	
RMSE:         0.259053	0.15923	1.00984	1.05373	

P = 
 0.00866912 -0.00137976  0.00601396 -0.00420032
-0.00137976   0.0235365 -0.00456532   0.0482929
 0.00601396 -0.00456532   0.0463463   -0.016932
-0.00420032   0.0482929   -0.016932    0.199406
Estimation:   9.75532	1.20096	5.27729	0.868544	
Ground truth: 9.61255	1.25524	5.00656	1.08873	
RMSE:         0.256536	0.157263	0.996738	1.03964	

P = 
 0.00940045 -0.00186038  0.00889377 -0.00504692
-0.00186038   0.0288784 -0.00541192   0.0588257
 0.00889377 -0.00541192   0.0688463   -0.016932
-0.00504692   0.0588257   -0.016932    0.221906
Estimation:   10.0192	1.24439	5.27729	0.868544	
Ground truth: 9.86254	1.31118	4.98922	1.14794	
RMSE:         0.254353	0.155511	0.984316	1.02652	

P = 
 0.00869659 -0.00177035  0.00618501  -0.0049995
-0.00177035   0.0258045 -0.00563918     0.05134
 0.00618501 -0.00563918   0.0469226  -0.0197722
 -0.0049995     0.05134  -0.0197722    0.205506
Estimation:   10.2684	1.38957	5.00783	1.04056	
Ground truth: 10.1117	1.37011	4.97074	1.20841	
RMSE:         0.252268	0.153484	0.971297	1.01329	

P = 
 0.00944646 -0.00235171  0.00909364 -0.00598811
-0.00235171   0.0314663 -0.00662779   0.0621778
 0.00909364 -0.00662779   0.0694226  -0.0197722
-0.00598811   0.0621778  -0.0197722    0.228006
Estimation:   10.5188	1.4416	5.00783	1.04056	
Ground truth: 10.3598	1.4321	4.95106	1.2701	
RMSE:         0.25031	0.151511	0.958807	1.00089	

P = 
 0.00875117 -0.00224079  0.00640825 -0.00592347
-0.00224079   0.0280446 -0.00686076   0.0541482
 0.00640825 -0.00686076   0.0476664  -0.0229628
-0.00592347   0.0541482  -0.0229628    0.210857
Estimation:   10.7463	1.53658	4.74198	1.09102	
Ground truth: 10.6069	1.49721	4.93014	1.33298	
RMSE:         0.248142	0.149735	0.947213	0.989042	

P = 
 0.00952522 -0.00293741  0.00935407 -0.00707161
-0.00293741   0.0340006  -0.0080089   0.0652536
 0.00935407  -0.0080089   0.0701664  -0.0229628
-0.00707161   0.0652536  -0.0229628    0.233357
Estimation:   10.9834	1.59113	4.74198	1.09102	
Ground truth: 10.853	1.56549	4.90794	1.39701	
RMSE:         0.245942	0.147952	0.93595	0.978074	

P = 
 0.00882489 -0.00275005  0.00663089 -0.00684742
-0.00275005   0.0302275 -0.00791514   0.0567651
 0.00663089 -0.00791514     0.04831  -0.0255524
-0.00684742   0.0567651  -0.0255524    0.215838
Estimation:   11.2676	1.58987	4.9164	0.998658	
Ground truth: 11.0979	1.637	4.8844	1.46213	
RMSE:         0.244403	0.14636	0.924753	0.969003	

P = 
 0.00962282 -0.00355205  0.00960889 -0.00812504
-0.00355205   0.0364576 -0.00919276   0.0681195
 0.00960889 -0.00919276     0.07081  -0.0255524
-0.00812504   0.0681195  -0.0255524    0.238338
Estimation:   11.5134	1.63981	4.9164	0.998658	
Ground truth: 11.3416	1.71179	4.85948	1.52832	
RMSE:         0.242961	0.145065	0.913978	0.961069	

P = 
 0.00889641 -0.00323272  0.00675598 -0.00759318
-0.00323272   0.0325055 -0.00841789   0.0595805
 0.00675598 -0.00841789   0.0484632  -0.0264837
-0.00759318   0.0595805  -0.0264837    0.221431
Estimation:   11.7268	1.65485	4.8383	0.932265	
Ground truth: 11.584	1.78992	4.83313	1.59551	
RMSE:         0.241146	0.144845	0.903533	0.955332	

P = 
 0.00970723 -0.00409948  0.00974164 -0.00891737
-0.00409948   0.0390312 -0.00974208   0.0712146
 0.00974164 -0.00974208   0.0709632  -0.0264837
-0.00891737   0.0712146  -0.0264837    0.243931
Estimation:   11.9687	1.70147	4.8383	0.932265	
Ground truth: 11.8251	1.87144	4.80531	1.66366	
RMSE:         0.239411	0.145451	0.893451	0.950929	

P = 
 0.00896159 -0.00367377  0.00683813 -0.00818146
-0.00367377   0.0347462 -0.00875804   0.0622625
 0.00683813 -0.00875804   0.0485225  -0.0270777
-0.00818146   0.0622625  -0.0270777    0.226679
Estimation:   12.2168	1.85529	4.98301	1.14519	
Ground truth: 12.0647	1.95639	4.77598	1.73273	
RMSE:         0.237853	0.144631	0.884213	0.944517	

P = 
 0.00978078 -0.00458844  0.00982676 -0.00953535
-0.00458844   0.0415532  -0.0101119   0.0741589
 0.00982676  -0.0101119   0.0710225  -0.0270777
-0.00953535   0.0741589  -0.0270777    0.249179
Estimation:   12.466	1.91255	4.98301	1.14519	
Ground truth: 12.3029	2.04482	4.74508	1.80265	
RMSE:         0.236509	0.144379	0.875444	0.939323	

P = 
 0.00904983 -0.00418453  0.00703332 -0.00892008
-0.00418453   0.0370459 -0.00969509   0.0649068
 0.00703332 -0.00969509   0.0491192   -0.029385
-0.00892008   0.0649068   -0.029385    0.231442
Estimation:   12.7163	1.92818	5.08857	1.08935	
Ground truth: 12.5394	2.13677	4.71257	1.87338	
RMSE:         0.235421	0.146005	0.867975	0.936351	

P = 
 0.00989002 -0.00518875   0.0100518  -0.0103893
-0.00518875   0.0441293  -0.0111643   0.0770414
  0.0100518  -0.0111643   0.0716192   -0.029385
 -0.0103893   0.0770414   -0.029385    0.253942
Estimation:   12.9708	1.98265	5.08857	1.08935	
Ground truth: 12.7743	2.23227	4.67842	1.94485	
RMSE:         0.23469	0.148843	0.861068	0.93477	

P = 
 0.00913448 -0.00467707  0.00715714 -0.00956777
-0.00467707   0.0394197  -0.0102549   0.0676759
 0.00715714  -0.0102549    0.049351  -0.0305267
-0.00956777   0.0676759  -0.0305267    0.236569
Estimation:   13.2272	2.19339	5.17457	1.37229	
Ground truth: 13.0075	2.33137	4.64258	2.01701	
RMSE:         0.2344	0.148633	0.855728	0.929857	

P = 
 0.00998764 -0.00574452   0.0101872  -0.0110941
-0.00574452   0.0467928  -0.0117812   0.0800668
  0.0101872  -0.0117812    0.071851  -0.0305267
 -0.0110941   0.0800668  -0.0305267    0.259069
Estimation:   13.4859	2.262	5.17457	1.37229	
Ground truth: 13.2388	2.43409	4.605	2.08981	
RMSE:         0.234655	0.149128	0.851042	0.926161	

P = 
 0.00925926 -0.00529163  0.00744938  -0.0104707
-0.00529163   0.0418627  -0.0115756   0.0703611
 0.00744938  -0.0115756   0.0502813  -0.0336902
 -0.0104707   0.0703611  -0.0336902    0.240989
Estimation:   13.5783	2.54273	4.65396	1.68604	
Ground truth: 13.4682	2.54047	4.56565	2.16317	
RMSE:         0.232889	0.147688	0.842908	0.919596	

P = 
   0.010144 -0.00647817    0.010526  -0.0121552
-0.00647817   0.0495153  -0.0132601    0.082973
   0.010526  -0.0132601   0.0727813  -0.0336902
 -0.0121552    0.082973  -0.0336902    0.263489
Estimation:   13.811	2.62703	4.65396	1.68604	
Ground truth: 13.6955	2.65053	4.52448	2.23703	
RMSE:         0.231226	0.146324	0.835108	0.914018	

P = 
  0.0094501 -0.00605825   0.0079698  -0.0116895
-0.00605825   0.0439993  -0.0136403   0.0722847
  0.0079698  -0.0136403   0.0520368  -0.0386726
 -0.0116895   0.0722847  -0.0386726    0.243517
Estimation:   14.0176	2.71992	4.59688	1.69703	
Ground truth: 13.9208	2.7643	4.48147	2.31134	
RMSE:         0.229454	0.145088	0.827489	0.909366	

P = 
  0.0103912 -0.00742142   0.0111341  -0.0136231
-0.00742142   0.0518506  -0.0155739   0.0850231
  0.0111341  -0.0155739   0.0745368  -0.0386726
 -0.0136231   0.0850231  -0.0386726    0.266017
Estimation:   14.2474	2.80477	4.59688	1.69703	
Ground truth: 14.1439	2.88179	4.43656	2.38601	
RMSE:         0.227787	0.144138	0.820216	0.905838	

P = 
 0.00966465 -0.00686736  0.00840938  -0.0129183
-0.00686736   0.0461762     -0.0151   0.0744319
 0.00840938     -0.0151   0.0531956  -0.0418904
 -0.0129183   0.0744319  -0.0418904    0.246976
Estimation:   14.5085	2.89284	4.79252	1.73415	
Ground truth: 14.3646	3.00303	4.38974	2.46099	
RMSE:         0.226561	0.143602	0.81464	0.902952	

P = 
  0.0106526 -0.00837301   0.0116317  -0.0150129
-0.00837301   0.0542509  -0.0171945   0.0873432
  0.0116317  -0.0171945   0.0756956  -0.0418904
 -0.0150129   0.0873432  -0.0418904    0.269476
Estimation:   14.7481	2.97955	4.79252	1.73415	
Ground truth: 14.583	3.12802	4.34097	2.5362	
RMSE:         0.225628	0.143689	0.809674	0.90128	

P = 
 0.00989248 -0.00770281  0.00878516  -0.0141073
-0.00770281   0.0485065  -0.0162334   0.0768902
 0.00878516  -0.0162334   0.0540121  -0.0442546
 -0.0141073   0.0768902  -0.0442546    0.251107
Estimation:   14.9429	3.28647	4.76225	2.09681	
Ground truth: 14.7989	3.25679	4.29021	2.61157	
RMSE:         0.224472	0.142498	0.805054	0.896029	

P = 
  0.0109201 -0.00933049   0.0120483  -0.0163201
-0.00933049   0.0568373  -0.0184461    0.090008
  0.0120483  -0.0184461   0.0765121  -0.0442546
 -0.0163201    0.090008  -0.0442546    0.273607
Estimation:   15.181	3.39131	4.76225	2.09681	
Ground truth: 15.0122	3.38932	4.23744	2.68703	
RMSE:         0.223644	0.141285	0.801121	0.89172	

P = 
  0.0102003 -0.00870561  0.00944788  -0.0155648
-0.00870561   0.0507869  -0.0182826   0.0789873
 0.00944788  -0.0182826   0.0559571  -0.0488546
 -0.0155648   0.0789873  -0.0488546    0.253796
Estimation:   15.373	3.63227	4.50269	2.26287	
Ground truth: 15.2228	3.52563	4.18263	2.76249	
RMSE:         0.222618	0.140778	0.795491	0.886607	

P = 
  0.011299 -0.0105201  0.0128082 -0.0180075
-0.0105201  0.0593342 -0.0207254  0.0922396
 0.0128082 -0.0207254  0.0784571 -0.0488546
-0.0180075  0.0922396 -0.0488546   0.276296
Estimation:   15.5981	3.74541	4.50269	2.26287	
Ground truth: 15.4306	3.66572	4.12575	2.83789	
RMSE:         0.221825	0.139992	0.790418	0.882387	

P = 
  0.0105774 -0.00982721   0.0102236  -0.0171754
-0.00982721   0.0530166  -0.0204311   0.0809351
  0.0102236  -0.0204311   0.0581115  -0.0535238
 -0.0171754   0.0809351  -0.0535238     0.25614
Estimation:   15.8199	3.7537	4.47173	2.093	
Ground truth: 15.6355	3.80957	4.06678	2.91315	
RMSE:         0.221271	0.139039	0.785703	0.881418	

P = 
 0.0117591 -0.0118413  0.0136916 -0.0198516
-0.0118413  0.0617645 -0.0231073  0.0943046
 0.0136916 -0.0231073  0.0806115 -0.0535238
-0.0198516  0.0943046 -0.0535238    0.27864
Estimation:   16.0434	3.85835	4.47173	2.093	
Ground truth: 15.8375	3.95719	4.00571	2.98817	
RMSE:         0.221036	0.138492	0.78165	0.881638	

P = 
 0.0109356 -0.0108869  0.0107109 -0.0185781
-0.0108869  0.0553473 -0.0215303  0.0832943
 0.0107109 -0.0215303    0.05895 -0.0556532
-0.0185781  0.0832943 -0.0556532    0.25996
Estimation:   16.2417	4.00756	4.25399	2.11301	
Ground truth: 16.0363	4.10854	3.94251	3.0629	
RMSE:         0.220801	0.137985	0.776496	0.882745	

P = 
 0.0121681 -0.0130315  0.0142209 -0.0213608
-0.0130315  0.0643407  -0.024313  0.0968547
 0.0142209  -0.024313    0.08145 -0.0556532
-0.0213608  0.0968547 -0.0556532    0.28246
Estimation:   16.4544	4.11321	4.25399	2.11301	
Ground truth: 16.2319	4.26363	3.87716	3.13723	
RMSE:         0.220828	0.138184	0.771917	0.885093	

P = 
 0.0113112 -0.0119559  0.0112455 -0.0199217
-0.0119559  0.0576482 -0.0227943  0.0855003
 0.0112455 -0.0227943  0.0600865 -0.0582395
-0.0199217  0.0855003 -0.0582395   0.263198
Estimation:   16.6733	4.27644	4.28075	2.20427	
Ground truth: 16.4242	4.42242	3.80966	3.21109	
RMSE:         0.221284	0.138306	0.768238	0.887062	

P = 
 0.0126001 -0.0142373  0.0148123 -0.0228337
-0.0142373  0.0668703 -0.0257062  0.0992228
 0.0148123 -0.0257062  0.0825865 -0.0582395
-0.0228337  0.0992228 -0.0582395   0.285698
Estimation:   16.8873	4.38666	4.28075	2.20427	
Ground truth: 16.613	4.5849	3.74	3.28438	
RMSE:         0.222168	0.13939	0.76534	0.890251	

P = 
 0.0117145 -0.0130625  0.0118366 -0.0212734
-0.0130625  0.0599816 -0.0242054  0.0876743
 0.0118366 -0.0242054   0.061431 -0.0611177
-0.0212734  0.0876743 -0.0611177   0.266187
Estimation:   17.0208	4.61198	3.84956	2.28393	
Ground truth: 16.7983	4.75103	3.66817	3.35704	
RMSE:         0.222173	0.139385	0.76001	0.893211	

P = 
 0.0130657 -0.0154892  0.0154706 -0.0243292
-0.0154892  0.0694286 -0.0272612   0.101546
 0.0154706 -0.0272612   0.083931 -0.0611177
-0.0243292   0.101546 -0.0611177   0.288687
Estimation:   17.2133	4.72617	3.84956	2.28393	
Ground truth: 16.9799	4.92077	3.59416	3.42897	
RMSE:         0.222339	0.14034	0.755109	0.897366	

P = 
 0.0121718  -0.014224  0.0126001 -0.0226806
 -0.014224  0.0621165 -0.0259988  0.0893822
 0.0126001 -0.0259988  0.0633875 -0.0648144
-0.0226806  0.0893822 -0.0648144   0.268041
Estimation:   17.4009	4.79666	3.81851	2.21257	
Ground truth: 17.1579	5.09409	3.51797	3.50008	
RMSE:         0.222648	0.143798	0.750556	0.904125	

P = 
 0.0136044   -0.01682   0.016332 -0.0259213
  -0.01682  0.0717389 -0.0292395   0.103347
  0.016332 -0.0292395  0.0858875 -0.0648144
-0.0259213   0.103347 -0.0648144   0.290541
Estimation:   17.5918	4.90729	3.81851	2.21257	
Ground truth: 17.3319	5.27094	3.4396	3.57028	
RMSE:         0.223216	0.149161	0.746607	0.912081	

P = 
 0.0126195 -0.0153477  0.0131845 -0.0239953
-0.0153477   0.064268 -0.0272194  0.0912921
 0.0131845 -0.0272194  0.0645607 -0.0672087
-0.0239953  0.0912921 -0.0672087   0.270737
Estimation:   17.7659	4.95703	3.72737	2.1043	
Ground truth: 17.5019	5.45128	3.35907	3.63949	
RMSE:         0.223833	0.159163	0.742673	0.923619	

P = 
 0.0141135 -0.0180765   0.016975 -0.0273557
-0.0180765  0.0740881 -0.0305799   0.105391
  0.016975 -0.0305799  0.0870607 -0.0672087
-0.0273557   0.105391 -0.0672087   0.293237
Estimation:   17.9522	5.06224	3.72737	2.1043	
Ground truth: 17.6679	5.63506	3.27637	3.70762	
RMSE:         0.224771	0.171699	0.739455	0.936269	

P = 
 0.0130359 -0.0163966  0.0136199 -0.0251523
-0.0163966  0.0664012 -0.0280719  0.0932648
 0.0136199 -0.0280719  0.0652688 -0.0688558
-0.0251523  0.0932648 -0.0688558   0.273744
Estimation:   18.071	5.35961	3.50167	2.33844	
Ground truth: 17.8297	5.82221	3.19151	3.77458	
RMSE:         0.225002	0.178813	0.735327	0.944789	

P = 
 0.0145751 -0.0192299  0.0174458 -0.0285951
-0.0192299  0.0764261 -0.0315147   0.107514
 0.0174458 -0.0315147  0.0877688 -0.0688558
-0.0285951   0.107514 -0.0688558   0.296244
Estimation:   18.246	5.47653	3.50167	2.33844	
Ground truth: 17.9872	6.01269	3.10453	3.84027	
RMSE:         0.225487	0.188098	0.731846	0.954357	

P = 
 0.0135442 -0.0175606   0.014466  -0.026459
-0.0175606  0.0683411 -0.0299445   0.094622
  0.014466 -0.0299445  0.0675111 -0.0726417
 -0.026459   0.094622 -0.0726417   0.274851
Estimation:   18.3566	5.85779	3.40954	2.71094	
Ground truth: 18.1402	6.20641	3.01542	3.90462	
RMSE:         0.225369	0.191087	0.72842	0.957895	

P = 
 0.0151736 -0.0205624  0.0184041 -0.0300911
-0.0205624  0.0785044 -0.0335766   0.108927
 0.0184041 -0.0335766  0.0900111 -0.0726417
-0.0300911   0.108927 -0.0726417   0.297351
Estimation:   18.5271	5.99333	3.40954	2.71094	
Ground truth: 18.2888	6.40332	2.92421	3.96753	
RMSE:         0.225542	0.195507	0.725785	0.962368	

P = 
 0.0142069 -0.0189202  0.0157567  -0.028046
-0.0189202  0.0700589 -0.0326384  0.0953877
 0.0157567 -0.0326384  0.0710864 -0.0779602
 -0.028046  0.0953877 -0.0779602   0.274363
Estimation:   18.6283	6.31543	3.22004	2.93584	
Ground truth: 18.4328	6.60333	2.83093	4.0289	
RMSE:         0.225183	0.196966	0.722462	0.964156	

P = 
 0.0159743 -0.0221493  0.0198735 -0.0319441
-0.0221493  0.0802976 -0.0365364   0.109668
 0.0198735 -0.0365364  0.0935864 -0.0779602
-0.0319441   0.109668 -0.0779602   0.296863
Estimation:   18.7893	6.46223	3.22004	2.93584	
Ground truth: 18.572	6.80638	2.7356	4.08867	
RMSE:         0.225085	0.199509	0.719941	0.966774	

P = 
 0.0150073 -0.0204303  0.0172483 -0.0298461
-0.0204303  0.0716173  -0.035407  0.0959475
 0.0172483  -0.035407  0.0749704 -0.0832842
-0.0298461  0.0959475 -0.0832842   0.273612
Estimation:   18.9196	6.75032	3.20165	3.14065	
Ground truth: 18.7064	7.01237	2.63825	4.14672	
RMSE:         0.22494	0.200411	0.718195	0.967275	

P = 
 0.0169336 -0.0239012  0.0215593 -0.0340103
-0.0239012  0.0819102 -0.0395712   0.110191
 0.0215593 -0.0395712  0.0974704 -0.0832842
-0.0340103   0.110191 -0.0832842   0.296112
Estimation:   19.0796	6.90735	3.20165	3.14065	
Ground truth: 18.8359	7.22122	2.53893	4.20299	
RMSE:         0.225181	0.2022	0.717536	0.968506	

P = 
 0.0159295 -0.0220674  0.0188268  -0.031801
-0.0220674  0.0731526 -0.0380259  0.0965981
 0.0188268 -0.0380259  0.0787759 -0.0882208
 -0.031801  0.0965981 -0.0882208    0.27321
Estimation:   19.1292	7.12409	2.85439	3.14098	
Ground truth: 18.9604	7.43283	2.43767	4.25737	
RMSE:         0.224579	0.203835	0.714631	0.970445	

P = 
 0.0180232 -0.0257793   0.023328  -0.036212
-0.0257793  0.0835095  -0.042437   0.110821
  0.023328  -0.042437   0.101276 -0.0882208
 -0.036212   0.110821 -0.0882208    0.29571
Estimation:   19.2719	7.28114	2.85439	3.14098	
Ground truth: 19.0798	7.64712	2.3345	4.3098	
RMSE:         0.224217	0.206548	0.712601	0.973076	

P = 
 0.0169192 -0.0237149   0.020368  -0.033729
-0.0237149  0.0745144 -0.0402933   0.097158
  0.020368 -0.0402933  0.0822433 -0.0924972
 -0.033729   0.097158 -0.0924972    0.27293
Estimation:   19.3948	7.48918	2.82276	3.20805	
Ground truth: 19.1939	7.86397	2.22949	4.36017	
RMSE:         0.223953	0.209348	0.711298	0.9754	

P = 
 0.0191756 -0.0276473  0.0250427 -0.0383538
-0.0276473  0.0849266 -0.0449181   0.111367
 0.0250427 -0.0449181   0.104743 -0.0924972
-0.0383538   0.111367 -0.0924972    0.29543
Estimation:   19.5359	7.64958	2.82276	3.20805	
Ground truth: 19.3028	8.08329	2.12266	4.40842	
RMSE:         0.224063	0.213363	0.711167	0.978348	

P = 
 0.0179629 -0.0253862  0.0218481 -0.0356442
-0.0253862  0.0758969 -0.0422941   0.097899
 0.0218481 -0.0422941  0.0853553 -0.0962687
-0.0356442   0.097899 -0.0962687   0.273125
Estimation:   19.5933	7.9027	2.71505	3.33765	
Ground truth: 19.4062	8.30497	2.01409	4.45445	
RMSE:         0.223669	0.216509	0.71105	0.98007	

P = 
 0.0203751 -0.0295238  0.0266783 -0.0404576
-0.0295238  0.0863836 -0.0471076   0.112118
 0.0266783 -0.0471076   0.107855 -0.0962687
-0.0404576   0.112118 -0.0962687   0.295625
Estimation:   19.7291	8.06959	2.71505	3.33765	
Ground truth: 19.5042	8.5289	1.90381	4.49819	
RMSE:         0.223682	0.220822	0.712281	0.982333	

P = 
 0.0190798 -0.0270723  0.0234536 -0.0374987
-0.0270723  0.0771326 -0.0444004  0.0983729
 0.0234536 -0.0444004  0.0888771  -0.100213
-0.0374987  0.0983729  -0.100213   0.272629
Estimation:   19.822	8.2466	2.51198	3.28194	
Ground truth: 19.5966	8.75494	1.7919	4.53956	
RMSE:         0.223701	0.226152	0.71237	0.985893	

P = 
 0.0216615 -0.0314178  0.0284599 -0.0425094
-0.0314178  0.0876655  -0.049411   0.112567
 0.0284599  -0.049411   0.111377  -0.100213
-0.0425094   0.112567  -0.100213   0.295129
Estimation:   19.9476	8.4107	2.51198	3.28194	
Ground truth: 19.6835	8.983	1.67841	4.57848	
RMSE:         0.224196	0.232916	0.713846	0.989925	

P = 
 0.0202164 -0.0287288  0.0249319 -0.0392928
-0.0287288  0.0783453 -0.0461732   0.098984
 0.0249319 -0.0461732  0.0918842  -0.103561
-0.0392928   0.098984  -0.103561   0.272637
Estimation:   19.9693	8.75419	2.22216	3.44407	
Ground truth: 19.7645	9.21294	1.56341	4.61488	
RMSE:         0.22399	0.236613	0.713258	0.992116	

P = 
 0.0229534  -0.033261  0.0300886 -0.0444708
 -0.033261  0.0889394 -0.0513513   0.113178
 0.0300886 -0.0513513   0.114384  -0.103561
-0.0444708   0.113178  -0.103561   0.295137
Estimation:   20.0804	8.92639	2.22216	3.44407	
Ground truth: 19.8398	9.44463	1.44697	4.64869	
RMSE:         0.22418	0.241499	0.713967	0.994698	

P = 
 0.0214759 -0.0304226  0.0268014 -0.0410163
-0.0304226   0.079279 -0.0484707  0.0989192
 0.0268014 -0.0484707   0.096236  -0.107764
-0.0410163  0.0989192  -0.107764   0.270828
Estimation:   20.0818	9.22388	1.90398	3.51755	
Ground truth: 19.9093	9.67795	1.32916	4.67984	
RMSE:         0.223683	0.244804	0.712601	0.996671	

P = 
 0.0244107 -0.0351663  0.0321757 -0.0464045
-0.0351663  0.0898621 -0.0538589   0.113023
 0.0321757 -0.0538589   0.118736  -0.107764
-0.0464045   0.113023  -0.107764   0.293328
Estimation:   20.177	9.39976	1.90398	3.51755	
Ground truth: 19.9728	9.91275	1.21005	4.70826	
RMSE:         0.223483	0.249227	0.712403	0.998958	

P = 
 0.0228425 -0.0321273  0.0288376 -0.0427177
-0.0321273  0.0799666 -0.0507888  0.0985151
 0.0288376 -0.0507888   0.100946  -0.111946
-0.0427177  0.0985151  -0.111946   0.268447
Estimation:   20.0835	10.0114	1.67469	4.09201	
Ground truth: 20.0303	10.1489	1.08972	4.73389	
RMSE:         0.222359	0.248303	0.711167	0.995833	

P = 
 0.0259927 -0.0370825  0.0344474  -0.048315
-0.0370825  0.0905032 -0.0563861     0.1125
 0.0344474 -0.0563861   0.123446  -0.111946
 -0.048315     0.1125  -0.111946   0.290947
Estimation:   20.1673	10.216	1.67469	4.09201	
Ground truth: 20.0818	10.3863	0.968259	4.75666	
RMSE:         0.22136	0.24761	0.711117	0.992923	

P = 
 0.0245334 -0.0339541  0.0318649 -0.0443159
-0.0339541  0.0799905 -0.0541662  0.0965071
 0.0318649 -0.0541662    0.10877  -0.117621
-0.0443159  0.0965071  -0.117621   0.261981
Estimation:   20.1556	10.4658	1.35242	4.02754	
Ground truth: 20.1271	10.6247	0.845742	4.77652	
RMSE:         0.220223	0.24685	0.709292	0.990691	

P = 
 0.0280059 -0.0391723  0.0378659 -0.0501969
-0.0391723  0.0903103 -0.0600473   0.110169
 0.0378659 -0.0600473    0.13127  -0.117621
-0.0501969   0.110169  -0.117621   0.284481
Estimation:   20.2232	10.6672	1.35242	4.02754	
Ground truth: 20.1663	10.864	0.722256	4.7934	
RMSE:         0.219161	0.246386	0.708521	0.988634	

P = 
 0.0263569 -0.0358323  0.0346208  -0.046179
-0.0358323  0.0800523 -0.0566863  0.0952723
 0.0346208 -0.0566863   0.114921  -0.121992
 -0.046179  0.0952723  -0.121992   0.258168
Estimation:   20.131	11.1761	1.08586	4.38216	
Ground truth: 20.1993	11.1041	0.597892	4.80727	
RMSE:         0.218149	0.245234	0.706618	0.984514	

P = 
 0.0301204 -0.0412805  0.0409294 -0.0522786
-0.0412805   0.090239 -0.0627859   0.108743
 0.0409294 -0.0627859   0.137421  -0.121992
-0.0522786   0.108743  -0.121992   0.280668
Estimation:   20.1853	11.3952	1.08586	4.38216	
Ground truth: 20.2261	11.3449	0.472738	4.81807	
RMSE:         0.217083	0.244045	0.705736	0.980509	

P = 
 0.0284412 -0.0377499  0.0379657 -0.0478772
-0.0377499   0.079684 -0.0595747  0.0931488
 0.0379657 -0.0595747   0.122828  -0.126724
-0.0478772  0.0931488  -0.126724    0.25207
Estimation:   20.07	11.6858	0.523032	4.23697	
Ground truth: 20.2466	11.5861	0.346889	4.82575	
RMSE:         0.216716	0.243026	0.702419	0.977369	

P = 
 0.0325589 -0.0434393  0.0446696 -0.0542134
-0.0434393  0.0896431 -0.0659109   0.106315
 0.0446696 -0.0659109   0.145328  -0.126724
-0.0542134   0.106315  -0.126724    0.27457
Estimation:   20.0961	11.8976	0.523032	4.23697	
Ground truth: 20.2608	11.8275	0.220439	4.83027	
RMSE:         0.216262	0.241921	0.699581	0.974308	

P = 
 0.0306431 -0.0396065  0.0411824 -0.0495823
-0.0396065  0.0791177 -0.0618713  0.0912005
 0.0411824 -0.0618713   0.129898  -0.130625
-0.0495823  0.0912005  -0.130625   0.246967
Estimation:   20.1238	12.1143	0.660722	4.34474	
Ground truth: 20.2687	12.0692	0.093487	4.83159	
RMSE:         0.215677	0.240773	0.698406	0.970718	

P = 
 0.0351002 -0.0455057  0.0482397 -0.0561135
-0.0455057  0.0888692 -0.0684026   0.104111
 0.0482397 -0.0684026   0.152398  -0.130625
-0.0561135   0.104111  -0.130625   0.269467
Estimation:   20.1569	12.3316	0.660722	4.34474	
Ground truth: 20.2701	12.3108	-0.0338694	4.82968	
RMSE:         0.214918	0.239611	0.698369	0.967176	

P = 
 0.0329097 -0.0414758  0.0440707 -0.0514455
-0.0414758   0.078775 -0.0636351  0.0900847
 0.0440707 -0.0636351   0.135537  -0.133851
-0.0514455  0.0900847  -0.133851   0.243961
Estimation:   20.1458	12.4828	0.315714	4.05045	
Ground truth: 20.2652	12.5522	-0.161529	4.82451	
RMSE:         0.214202	0.238553	0.696577	0.965503	

P = 
 0.0376697 -0.0475644  0.0514101 -0.0581381
-0.0475644  0.0884074 -0.0703276   0.102845
 0.0514101 -0.0703276   0.158037  -0.133851
-0.0581381   0.102845  -0.133851   0.266461
Estimation:   20.1616	12.6853	0.315714	4.05045	
Ground truth: 20.254	12.7933	-0.28939	4.81605	
RMSE:         0.21337	0.237648	0.695762	0.963795	

P = 
 0.0351005 -0.0432052  0.0465338 -0.0532035
-0.0432052  0.0784799 -0.0648864  0.0893674
 0.0465338 -0.0648864       0.14  -0.136437
-0.0532035  0.0893674  -0.136437   0.241978
Estimation:   20.2872	12.7306	0.365592	3.78363	
Ground truth: 20.2363	13.0339	-0.417348	4.80428	
RMSE:         0.212419	0.238352	0.696636	0.964346	

P = 
 0.0401179 -0.0494508  0.0540963 -0.0600253
-0.0494508  0.0880356 -0.0717083   0.102029
 0.0540963 -0.0717083     0.1625  -0.136437
-0.0600253   0.102029  -0.136437   0.264478
Estimation:   20.3054	12.9197	0.365592	3.78363	
Ground truth: 20.2122	13.2738	-0.545298	4.78918	
RMSE:         0.211616	0.239692	0.698942	0.96474	

P = 
 0.0370941  -0.044814  0.0482498 -0.0549991
 -0.044814   0.078521 -0.0655022  0.0895904
 0.0482498 -0.0655022   0.142357  -0.138296
-0.0549991  0.0895904  -0.138296   0.242261
Estimation:   20.2363	13.1927	0.178767	3.8318	
Ground truth: 20.1818	13.5129	-0.673135	4.77072	
RMSE:         0.2107	0.240561	0.700512	0.964504	

P = 
 0.0422891 -0.0511848  0.0559301 -0.0619139
-0.0511848  0.0880997  -0.072417   0.102266
 0.0559301  -0.072417   0.164857  -0.138296
-0.0619139   0.102266  -0.138296   0.264761
Estimation:   20.2453	13.3843	0.178767	3.8318	
Ground truth: 20.1449	13.7509	-0.800753	4.74892	
RMSE:         0.209951	0.242017	0.703574	0.96408	

P = 
 0.0390732 -0.0462794  0.0504065 -0.0562523
-0.0462794  0.0783272 -0.0666712  0.0889018
 0.0504065 -0.0666712   0.146763  -0.140527
-0.0562523  0.0889018  -0.140527   0.239796
Estimation:   20.2497	13.5309	-0.00185579	3.63844	
Ground truth: 20.1017	13.9878	-0.928043	4.72374	
RMSE:         0.20947	0.244821	0.705914	0.96525	

P = 
 0.0444949 -0.0527769  0.0583071 -0.0632787
-0.0527769  0.0878309 -0.0736976   0.101454
 0.0583071 -0.0736976   0.169263  -0.140527
-0.0632787   0.101454  -0.140527   0.262296
Estimation:   20.2496	13.7129	-0.00185579	3.63844	
Ground truth: 20.0521	14.2233	-1.0549	4.69521	
RMSE:         0.209366	0.248485	0.7098	0.966113	

P = 
 0.0409603 -0.0476244   0.052332 -0.0574281
-0.0476244  0.0781318 -0.0676043  0.0883514
  0.052332 -0.0676043   0.150553  -0.142446
-0.0574281  0.0883514  -0.142446   0.237866
Estimation:   20.1386	13.9921	-0.249807	3.67047	
Ground truth: 19.9962	14.4573	-1.18121	4.66331	
RMSE:         0.208863	0.251249	0.712084	0.966355	

P = 
 0.0465839 -0.0542322  0.0604221 -0.0645504
-0.0542322  0.0875757 -0.0747266   0.100807
 0.0604221 -0.0747266   0.173053  -0.142446
-0.0645504   0.100807  -0.142446   0.260366
Estimation:   20.1261	14.1756	-0.249807	3.67047	
Ground truth: 19.934	14.6897	-1.30687	4.62805	
RMSE:         0.20872	0.254767	0.715866	0.966278	

P = 
  0.042882 -0.0488387  0.0546567 -0.0582065
-0.0488387  0.0776276 -0.0688351   0.086999
 0.0546567 -0.0688351   0.155825  -0.144451
-0.0582065   0.086999  -0.144451   0.233925
Estimation:   20.1266	14.2857	-0.29101	3.53384	
Ground truth: 19.8655	14.9202	-1.43177	4.58944	
RMSE:         0.209237	0.260514	0.720683	0.967097	

P = 
 0.0487513 -0.0555519  0.0630105 -0.0654291
-0.0555519  0.0869263 -0.0760577  0.0992577
 0.0630105 -0.0760577   0.178325  -0.144451
-0.0654291  0.0992577  -0.144451   0.256425
Estimation:   20.112	14.4624	-0.29101	3.53384	
Ground truth: 19.7908	15.1486	-1.55581	4.54751	
RMSE:         0.210468	0.267156	0.727172	0.967512	

P = 
 0.0447285 -0.0499795  0.0565973 -0.0591494
-0.0499795  0.0771968 -0.0696468  0.0861541
 0.0565973 -0.0696468   0.159753  -0.146104
-0.0591494  0.0861541  -0.146104   0.231602
Estimation:   20.0086	14.6746	-0.858671	3.18984	
Ground truth: 19.7099	15.3749	-1.67887	4.50226	
RMSE:         0.211386	0.273834	0.728024	0.971009	

P = 
 0.0508017 -0.0567845  0.0651475 -0.0664546
-0.0567845  0.0864053  -0.076952  0.0982967
 0.0651475  -0.076952   0.182253  -0.146104
-0.0664546  0.0982967  -0.146104   0.254102
Estimation:   19.9657	14.8341	-0.858671	3.18984	
Ground truth: 19.6229	15.5989	-1.80085	4.45372	
RMSE:         0.212854	0.281678	0.730121	0.973886	

P = 
  0.046533 -0.0509542  0.0586645 -0.0597826
-0.0509542  0.0765102 -0.0704798  0.0848142
 0.0586645 -0.0704798   0.164368  -0.147618
-0.0597826  0.0848142  -0.147618   0.228118
Estimation:   19.9173	15.0021	-0.897802	3.17152	
Ground truth: 19.5298	15.8203	-1.92164	4.40193	
RMSE:         0.214931	0.29042	0.733105	0.976343	

P = 
 0.0528244 -0.0578364  0.0674454 -0.0671635
-0.0578364  0.0855759 -0.0778607  0.0967826
 0.0674454 -0.0778607   0.186868  -0.147618
-0.0671635  0.0967826  -0.147618   0.250618
Estimation:   19.8724	15.1607	-0.897802	3.17152	
