Listening to port 4567
Connected!!!
FusionEKF::ProcessMeasurement First measurement
Using RADAR
State vector(x) = 0.385989	0.201778	0	0
Estimation:   0.385989	0.201778	0	0	
Ground truth: 0.359997	0.600041	-4.80025	0.0016588	
RMSE:         0.0259922	0.398263	4.80025	0.0016588	

P = 
0.0223563         0  0.319378         0
        0 0.0223563         0  0.319378
 0.319378         0   290.286         0
        0  0.319378         0   290.286
Estimation:   0.220033	0.683052	-2.37082	6.87539	
Ground truth: 0.119984	0.600207	-4.80057	0.00497648	
RMSE:         0.0730937	0.287643	3.80434	4.85812	

P = 
 0.00114289   0.0017673   0.0185487  0.00137254
  0.0017673   0.0176708 0.000756846  0.00367194
  0.0185487 0.000756846     8.47029   -0.774116
 0.00137254  0.00367194   -0.774116    0.169261
Estimation:   -0.202195	0.686497	-8.0915	0.957009	
Ground truth: -0.120044	0.600581	-4.801	0.00995308	
RMSE:         0.0762323	0.24004	3.64113	4.00414	

P = 
   0.0116566 -1.62794e-05     0.213286   -0.0179828
-1.62794e-05    0.0101449   -0.0205181   0.00694536
    0.213286   -0.0205181      4.26236     -0.40864
  -0.0179828   0.00694536     -0.40864     0.158004
Estimation:   -0.451155	0.654269	-5.08498	0.662465	
Ground truth: -0.360093	0.601244	-4.80155	0.0165887	
RMSE:         0.0801973	0.209565	3.15649	3.4827	

P = 
 0.00207866 -0.00182417   0.0151661  0.00522315
-0.00182417     0.00306  -0.0152406 -0.00244191
  0.0151661  -0.0152406    0.178935   0.0551787
 0.00522315 -0.00244191   0.0551787   0.0979433
Estimation:   -0.662323	0.601968	-4.54952	0.497131	
Ground truth: -0.60017	0.602281	-4.80221	0.0248832	
RMSE:         0.0769278	0.187441	2.82551	3.12217	

P = 
 0.00330179 -0.00164179   0.0201436  0.00703094
-0.00164179  0.00256467 -0.00925842  0.00325622
  0.0201436 -0.00925842    0.174208   0.0492743
 0.00703094  0.00325622   0.0492743    0.117512
Estimation:   -0.884962	0.614423	-4.52434	0.468826	
Ground truth: -0.840279	0.603774	-4.80296	0.0348368	
RMSE:         0.0725558	0.171164	2.58184	2.85564	

P = 
 0.00315905 -0.00135549   0.0121373  0.00653616
-0.00135549  0.00171926 -0.00440332  0.00218146
  0.0121373 -0.00440332   0.0805376   0.0340412
 0.00653616  0.00218146   0.0340412   0.0932432
Estimation:   -1.13015	0.643371	-4.67528	0.488165	
Ground truth: -1.08042	0.605806	-4.8038	0.0464493	
RMSE:         0.0697533	0.159102	2.39081	2.64907	

P = 
  0.00377311 -0.000882872    0.0138158   0.00714733
-0.000882872   0.00194962  -0.00181086   0.00708764
   0.0138158  -0.00181086    0.0925494    0.0295788
  0.00714733   0.00708764    0.0295788     0.110793
Estimation:   -1.33522	0.653034	-4.57678	0.502139	
Ground truth: -1.32061	0.608459	-4.80472	0.0597206	
RMSE:         0.0654524	0.149659	2.23785	2.48291	

P = 
  0.00363457  -0.00084709   0.00907352   0.00554416
 -0.00084709   0.00168461 -0.000967316   0.00572513
  0.00907352 -0.000967316    0.0556678    0.0199498
  0.00554416   0.00572513    0.0199498    0.0873456
Estimation:   -1.53876	0.666122	-4.45007	0.470751	
Ground truth: -1.56084	0.611818	-4.8057	0.0746505	
RMSE:         0.0621464	0.142256	2.11319	2.34463	

P = 
   0.0038757 -0.000423599    0.0102807   0.00561542
-0.000423599    0.0022319  0.000260997   0.00972115
   0.0102807  0.000260997    0.0724928    0.0168372
  0.00561542   0.00972115    0.0168372     0.103609
Estimation:   -1.70927	0.677911	-4.316	0.517397	
Ground truth: -1.80112	0.615965	-4.80673	0.0912385	
RMSE:         0.0657232	0.13637	2.01075	2.22839	

P = 
  0.00377777 -0.000539656   0.00718789   0.00415437
-0.000539656   0.00197893  0.000200094    0.0077112
  0.00718789  0.000200094    0.0490337    0.0141565
  0.00415437    0.0077112    0.0141565    0.0851918
Estimation:   -1.94865	0.680346	-4.48544	0.422453	
Ground truth: -2.04145	0.620982	-4.80778	0.109484	
RMSE:         0.0686277	0.13125	1.91963	2.12678	

P = 
  0.00383983 -0.000209871   0.00846946   0.00414932
-0.000209871   0.00262685  0.000897082    0.0111154
  0.00846946  0.000897082    0.0676572    0.0118266
  0.00414932    0.0111154    0.0118266     0.100603
Estimation:   -2.19278	0.712548	-4.52406	0.444328	
Ground truth: -2.28182	0.626953	-4.80884	0.129387	
RMSE:         0.0705543	0.128068	1.83975	2.03827	

P = 
  0.00381851 -0.000306936   0.00625205     0.003369
-0.000306936   0.00245187   0.00080492   0.00963941
  0.00625205   0.00080492    0.0472641    0.0126915
    0.003369   0.00963941    0.0126915    0.0901707
Estimation:   -2.47269	0.62837	-4.75783	-0.0253006	
Ground truth: -2.52225	0.63396	-4.80989	0.150946	
RMSE:         0.0691659	0.123054	1.76763	1.95892	

P = 
 0.00380247 -4.7547e-05  0.00762977  0.00335806
-4.7547e-05  0.00314434  0.00125772   0.0126631
 0.00762977  0.00125772   0.0665714   0.0105116
 0.00335806   0.0126631   0.0105116    0.103794
Estimation:   -2.71725	0.657945	-4.75798	0.0931092	
Ground truth: -2.76273	0.642086	-4.81089	0.174159	
RMSE:         0.0677491	0.118653	1.70339	1.88778	

P = 
  0.00382353 -0.000113608   0.00573648   0.00290079
-0.000113608    0.0030309  0.000992387    0.0116436
  0.00573648  0.000992387    0.0460174    0.0109631
  0.00290079    0.0116436    0.0109631    0.0980552
Estimation:   -2.97724	0.680988	-4.74864	0.136062	
Ground truth: -3.00325	0.651414	-4.81184	0.199026	
RMSE:         0.0657955	0.114884	1.64571	1.82384	

P = 
 0.00376793 7.53737e-05  0.00715453  0.00281406
7.53737e-05  0.00371802  0.00125717   0.0142702
 0.00715453  0.00125717   0.0656968   0.0089105
 0.00281406   0.0142702   0.0089105    0.109273
Estimation:   -3.22979	0.719412	-4.76778	0.246862	
Ground truth: -3.24381	0.662026	-4.8127	0.225545	
RMSE:         0.0638025	0.112157	1.59349	1.76594	

P = 
 0.00380653 2.71379e-05  0.00552088   0.0026187
2.71379e-05  0.00369237  0.00128084   0.0135925
 0.00552088  0.00128084   0.0459361   0.0114132
  0.0026187   0.0135925   0.0114132    0.105426
Estimation:   -3.475	0.693915	-4.78456	0.101925	
Ground truth: -3.48441	0.674004	-4.81344	0.253712	
RMSE:         0.0619396	0.108916	1.54593	1.71361	

P = 
 0.00373976 0.000168967  0.00697339  0.00251336
0.000168967  0.00430719  0.00143414   0.0156836
 0.00697339  0.00143414   0.0657208  0.00918647
 0.00251336   0.0156836  0.00918647    0.114028
Estimation:   -3.72466	0.641458	-4.81886	-0.111794	
Ground truth: -3.72504	0.687432	-4.81403	0.283526	
RMSE:         0.0601945	0.1064	1.50238	1.66793	

P = 
  0.0037855 0.000123023   0.0053478  0.00233095
0.000123023  0.00434274  0.00119582   0.0153477
  0.0053478  0.00119582   0.0452765  0.00986846
 0.00233095   0.0153477  0.00986846     0.11245
Estimation:   -3.96291	0.68116	-4.88337	0.0622145	
Ground truth: -3.9657	0.702391	-4.81445	0.314984	
RMSE:         0.0585926	0.103677	1.46239	1.62448	

P = 
 0.00371094 0.000212337  0.00681002  0.00215534
0.000212337  0.00484143  0.00124862   0.0168727
 0.00681002  0.00124862   0.0652087  0.00781868
 0.00215534   0.0168727  0.00781868    0.118532
Estimation:   -4.24649	0.629206	-4.96509	-0.143835	
Ground truth: -4.20636	0.718963	-4.81465	0.348081	
RMSE:         0.0578095	0.103026	1.42576	1.58716	

P = 
 0.00376531 0.000185385  0.00525302  0.00209772
0.000185385  0.00500016  0.00114936   0.0170234
 0.00525302  0.00114936   0.0449553  0.00905244
 0.00209772   0.0170234  0.00905244    0.118945
Estimation:   -4.48822	0.624032	-4.95153	-0.135044	
Ground truth: -4.44703	0.73723	-4.81461	0.382812	
RMSE:         0.057128	0.103533	1.39172	1.55303	

P = 
 0.00368898 0.000236059  0.00672446   0.0018853
0.000236059  0.00534412  0.00113689   0.0179169
 0.00672446  0.00113689   0.0649645  0.00710114
  0.0018853   0.0179169  0.00710114    0.122492
Estimation:   -4.73121	0.68025	-4.93486	0.0766106	
Ground truth: -4.68769	0.757274	-4.81428	0.419174	
RMSE:         0.0565807	0.102477	1.35996	1.51908	

P = 
 0.00375255 0.000239892   0.0052378  0.00201717
0.000239892  0.00561444  0.00133708   0.0184637
  0.0052378  0.00133708    0.045025  0.00967981
 0.00201717   0.0184637  0.00967981    0.124263
Estimation:   -4.9573	0.747946	-4.96326	0.301937	
Ground truth: -4.92832	0.779176	-4.81363	0.45716	
RMSE:         0.0556659	0.100435	1.33044	1.48604	

P = 
 0.00367806 0.000268359  0.00671365  0.00179127
0.000268359  0.00578027  0.00125721   0.0187255
 0.00671365  0.00125721   0.0650208  0.00752323
 0.00179127   0.0187255  0.00752323    0.125559
Estimation:   -5.21954	0.749514	-4.99062	0.254725	
Ground truth: -5.1689	0.803017	-4.81263	0.496763	
RMSE:         0.0554656	0.0989255	1.30293	1.45559	

P = 
 0.00374824 0.000301074   0.0052597  0.00206987
0.000301074  0.00617923  0.00161454   0.0197274
  0.0052597  0.00161454   0.0452057   0.0107241
 0.00206987   0.0197274   0.0107241    0.128859
Estimation:   -5.48471	0.730055	-5.10482	0.159652	
Ground truth: -5.40943	0.828877	-4.81122	0.537976	
RMSE:         0.0563922	0.0989214	1.27796	1.42819	

P = 
 0.00367527 0.000311094  0.00673251  0.00181077
0.000311094  0.00615798  0.00145036   0.0193803
 0.00673251  0.00145036   0.0651486  0.00822108
 0.00181077   0.0193803  0.00822108    0.128123
Estimation:   -5.70669	0.826397	-5.03161	0.44428	
Ground truth: -5.64986	0.856837	-4.80937	0.580791	
RMSE:         0.0564092	0.0971839	1.2539	1.40071	

P = 
 0.00375164 0.000373755  0.00530278  0.00221455
0.000373755  0.00669034  0.00193419    0.020837
 0.00530278  0.00193419    0.045435   0.0118982
 0.00221455    0.020837   0.0118982    0.132855
Estimation:   -5.93631	0.917052	-4.77382	0.632512	
Ground truth: -5.8902	0.886977	-4.80703	0.625197	
RMSE:         0.0560615	0.0955427	1.23047	1.37453	

P = 
 0.00367873 0.000363647  0.00676575  0.00189689
0.000363647  0.00648266   0.0016689   0.0199174
 0.00676575   0.0016689   0.0653006  0.00897337
 0.00189689   0.0199174  0.00897337    0.130295
Estimation:   -6.12829	0.935337	-4.69069	0.601639	
Ground truth: -6.1304	0.919375	-4.80415	0.671184	
RMSE:         0.0550528	0.0938696	1.20849	1.34982	

P = 
 0.00376163 0.000455461  0.00536787  0.00242879
0.000455461  0.00711504  0.00230198   0.0217004
 0.00536787  0.00230198   0.0457814   0.0133742
 0.00242879   0.0217004   0.0133742    0.135924
Estimation:   -6.37969	0.976885	-4.96695	0.670627	
Ground truth: -6.37044	0.954111	-4.8007	0.718741	
RMSE:         0.0541226	0.0923338	1.18787	1.32638	

P = 
 0.00368768 0.000424629  0.00681623  0.00204142
0.000424629   0.0067385  0.00192588   0.0202977
 0.00681623  0.00192588   0.0655371  0.00994852
 0.00204142   0.0202977  0.00994852    0.131928
Estimation:   -6.65091	0.970329	-5.01561	0.545639	
Ground truth: -6.61028	0.991262	-4.79662	0.767854	
RMSE:         0.0537274	0.0908623	1.16859	1.30471	

P = 
  0.0037703 0.000526063  0.00538737  0.00256965
0.000526063  0.00753136  0.00242599   0.0226279
 0.00538737  0.00242599   0.0457736   0.0136034
 0.00256965   0.0226279   0.0136034    0.139339
Estimation:   -6.89129	0.996883	-5.0103	0.547528	
Ground truth: -6.84991	1.03091	-4.79187	0.818509	
RMSE:         0.0533738	0.0895935	1.15026	1.28442	

P = 
  0.0036925 0.000466409  0.00682213  0.00209135
0.000466409  0.00698618  0.00197092   0.0207262
 0.00682213  0.00197092   0.0655035  0.00997635
 0.00209135   0.0207262  0.00997635    0.133757
Estimation:   -7.13205	1.08992	-4.98195	0.743363	
Ground truth: -7.08928	1.07312	-4.78638	0.87069	
RMSE:         0.0530744	0.0882324	1.13267	1.26439	

P = 
 0.00378272 0.000602584  0.00543892   0.0027587
0.000602584  0.00790432  0.00270231   0.0234187
 0.00543892  0.00270231   0.0460312   0.0146873
  0.0027587   0.0234187   0.0146873    0.142027
Estimation:   -7.38316	1.07799	-4.9263	0.587488	
Ground truth: -7.32835	1.11798	-4.78012	0.92438	
RMSE:         0.0531279	0.0871637	1.11567	1.24647	

P = 
 0.00370169 0.000517908  0.00685787  0.00220292
0.000517908  0.00719825  0.00214609   0.0210582
 0.00685787  0.00214609   0.0656727   0.0106579
 0.00220292   0.0210582   0.0106579    0.135094
Estimation:   -7.61758	1.12267	-4.90199	0.634292	
Ground truth: -7.56709	1.16556	-4.77304	0.979561	
RMSE:         0.0530522	0.0861867	1.09936	1.22943	

P = 
 0.00379095 0.000659609  0.00544866  0.00285814
0.000659609  0.00823933  0.00277373    0.024145
 0.00544866  0.00277373   0.0459997   0.0147739
 0.00285814    0.024145   0.0147739    0.144589
Estimation:   -7.83396	1.15819	-4.84044	0.64944	
Ground truth: -7.80545	1.21593	-4.76506	1.03621	
RMSE:         0.0525105	0.0855054	1.08362	1.2135	

P = 
 0.00370569 0.000548278  0.00685673  0.00222621
0.000548278   0.0073853    0.002157   0.0213664
 0.00685673    0.002157   0.0656302   0.0106161
 0.00222621   0.0213664   0.0106161    0.136405
Estimation:   -8.06409	1.18875	-4.819	0.646018	
Ground truth: -8.04339	1.26918	-4.75615	1.09431	
RMSE:         0.0518909	0.0853684	1.06851	1.19886	

P = 
 0.00379741 0.000705725  0.00545923  0.00293383
0.000705725   0.0085299  0.00285804   0.0247575
 0.00545923  0.00285804   0.0460278   0.0150256
 0.00293383   0.0247575   0.0150256    0.146693
Estimation:   -8.29735	1.29711	-4.85611	0.876672	
Ground truth: -8.28085	1.32536	-4.74625	1.15383	
RMSE:         0.0512567	0.0843348	1.05413	1.18342	

P = 
 0.00370892 0.000572765  0.00685925  0.00224639
0.000572765  0.00754294  0.00218745   0.0216136
 0.00685925  0.00218745   0.0656395   0.0107275
 0.00224639   0.0216136   0.0107275    0.137457
Estimation:   -8.52991	1.32978	-4.8391	0.846518	
Ground truth: -8.51779	1.38455	-4.7353	1.21475	
RMSE:         0.050616	0.0836906	1.0403	1.16927	

P = 
 0.00380888 0.000765077  0.00551113  0.00309436
0.000765077  0.00878874  0.00311873   0.0252773
 0.00551113  0.00311873   0.0463236   0.0161318
 0.00309436   0.0252773   0.0161318    0.148331
Estimation:   -8.7389	1.3603	-4.49422	0.772661	
Ground truth: -8.75416	1.44681	-4.72324	1.27704	
RMSE:         0.0500226	0.083764	1.02753	1.15701	

P = 
 0.00371762 0.000612908  0.00689666  0.00235049
0.000612908  0.00767796   0.0023573   0.0218016
 0.00689666   0.0023573   0.0658407   0.0114519
 0.00235049   0.0218016   0.0114519    0.138199
Estimation:   -8.96011	1.46141	-4.47777	0.949815	
Ground truth: -8.98989	1.51223	-4.71002	1.34067	
RMSE:         0.0496173	0.0830997	1.01527	1.14412	

P = 
 0.00382483 0.000834153  0.00558011  0.00330089
0.000834153  0.00900563  0.00341361   0.0256916
 0.00558011  0.00341361   0.0466754   0.0173377
 0.00330089   0.0256916   0.0173377    0.149606
Estimation:   -9.19837	1.48662	-4.73181	0.921511	
Ground truth: -9.22493	1.58085	-4.69558	1.40561	
RMSE:         0.0491836	0.0833887	1.00283	1.13261	

P = 
 0.00372976 0.000660783  0.00694557  0.00248618
0.000660783  0.00778702  0.00255013   0.0219369
 0.00694557  0.00255013   0.0660737   0.0122278
 0.00248618   0.0219369   0.0122278    0.138755
Estimation:   -9.45752	1.50115	-4.77855	0.82926	
Ground truth: -9.45921	1.65276	-4.67987	1.47183	
RMSE:         0.0485953	0.0856468	0.990937	1.12343	

P = 
 0.00383445 0.000882316  0.00558963   0.0034033
0.000882316  0.00921976  0.00344613   0.0261624
 0.00558963  0.00344613   0.0466303   0.0173336
  0.0034033   0.0261624   0.0173336    0.151236
Estimation:   -9.70924	1.49843	-4.90674	0.717791	
Ground truth: -9.69268	1.728	-4.66282	1.53929	
RMSE:         0.0480933	0.0915991	0.980053	1.11734	

P = 
 0.00373453 0.000685234  0.00694419  0.00251705
0.000685234  0.00789747  0.00254065   0.0221221
 0.00694419  0.00254065    0.066025   0.0121442
 0.00251705   0.0221221   0.0121442    0.139548
Estimation:   -9.98397	1.64342	-4.94275	1.01708	
Ground truth: -9.92526	1.80665	-4.64437	1.60795	
RMSE:         0.0483606	0.0938363	0.969896	1.10815	

P = 
 0.00384675 0.000937296  0.00563199  0.00354556
0.000937296  0.00942309  0.00363146    0.026586
 0.00563199  0.00363146   0.0468404   0.0180786
 0.00354556    0.026586   0.0180786    0.152516
Estimation:   -10.2036	1.77252	-4.78868	1.22634	
Ground truth: -10.1569	1.88875	-4.62448	1.67776	
RMSE:         0.0483244	0.0943917	0.959371	1.09783	

P = 
 0.00374283 0.000719324  0.00697148   0.0025976
0.000719324  0.00799863  0.00265017     0.02227
 0.00697148  0.00265017   0.0661612    0.012604
  0.0025976     0.02227    0.012604    0.140083
Estimation:   -10.4006	1.87305	-4.70436	1.34183	
Ground truth: -10.3875	1.97438	-4.60307	1.7487	
RMSE:         0.047835	0.0945479	0.949003	1.08749	

P = 
0.00387026 0.00101958 0.00574599 0.00381629
0.00101958 0.00957888 0.00405992  0.0268357
0.00574599 0.00405992  0.0474701  0.0199192
0.00381629  0.0268357  0.0199192    0.15303
Estimation:   -10.6588	1.96474	-4.87972	1.43244	
Ground truth: -10.6169	2.06357	-4.58009	1.82071	
RMSE:         0.0477157	0.094641	0.93987	1.07735	

P = 
 0.00376159 0.000779821  0.00705529  0.00279295
0.000779821  0.00806871  0.00294189   0.0223138
 0.00705529  0.00294189   0.0665867   0.0138274
 0.00279295   0.0223138   0.0138274    0.140173
Estimation:   -10.8951	2.01718	-4.86919	1.38102	
Ground truth: -10.8452	2.15639	-4.55549	1.89375	
RMSE:         0.0477615	0.0957813	0.931129	1.06863	

P = 
0.00389408 0.00109944 0.00582903 0.00405989
0.00109944 0.00972515 0.00431833  0.0271102
0.00582903 0.00431833  0.0478256  0.0209459
0.00405989  0.0271102  0.0209459   0.153808
Estimation:   -11.1203	2.10977	-4.81599	1.44676	
Ground truth: -11.0722	2.25288	-4.52921	1.96776	
RMSE:         0.0477691	0.0969783	0.922489	1.06029	

P = 
 0.00377828 0.000832228   0.0071095  0.00294156
0.000832228  0.00813575  0.00310062   0.0223873
  0.0071095  0.00310062    0.066811   0.0144589
 0.00294156   0.0223873   0.0144589    0.140455
Estimation:   -11.304	2.27057	-4.69388	1.69866	
Ground truth: -11.2979	2.35309	-4.50118	2.04269	
RMSE:         0.0472969	0.0967103	0.913624	1.05076	

P = 
0.00392796 0.00119875 0.00597268 0.00438221
0.00119875 0.00983446 0.00475359   0.027254
0.00597268 0.00475359  0.0485563  0.0227909
0.00438221   0.027254  0.0227909   0.153982
Estimation:   -11.5446	2.35372	-4.71322	1.69434	
Ground truth: -11.5221	2.45707	-4.47136	2.11849	
RMSE:         0.0469367	0.0968448	0.905257	1.0421	

P = 
 0.00380399 0.000902939  0.00721116  0.00316295
0.000902939  0.00817929  0.00339115   0.0223832
 0.00721116  0.00339115   0.0672955   0.0156683
 0.00316295   0.0223832   0.0156683    0.140374
Estimation:   -11.7781	2.50274	-4.6956	1.86938	
Ground truth: -11.7448	2.56486	-4.43968	2.1951	
RMSE:         0.0467115	0.0962952	0.897212	1.03302	

P = 
0.00396668 0.00130387 0.00611856 0.00471429
0.00130387 0.00993169  0.0051393  0.0273913
0.00611856  0.0051393  0.0492359  0.0243953
0.00471429  0.0273913  0.0243953   0.154196
Estimation:   -12.0324	2.62415	-4.82688	1.96489	
Ground truth: -11.9658	2.6765	-4.4061	2.27246	
RMSE:         0.0471651	0.0956531	0.890585	1.0241	

P = 
 0.00383206 0.000974867  0.00731018  0.00337819
0.000974867  0.00821674  0.00364067   0.0223826
 0.00731018  0.00364067   0.0677365   0.0166967
 0.00337819   0.0223826   0.0166967    0.140328
Estimation:   -12.275	2.75946	-4.82089	2.06477	
Ground truth: -12.1851	2.79202	-4.37055	2.35051	
RMSE:         0.0483017	0.0948669	0.884426	1.01532	

P = 
0.00400901 0.00141125 0.00626995  0.0050455
0.00141125    0.01002 0.00550454  0.0275163
0.00626995 0.00550454  0.0499321  0.0259347
 0.0050455  0.0275163  0.0259347   0.154353
Estimation:   -12.5128	2.83397	-4.7294	1.96505	
Ground truth: -12.4026	2.91145	-4.333	2.42918	
RMSE:         0.0501128	0.0945792	0.877978	1.00799	

P = 
0.00386208 0.00104685  0.0074113 0.00358812
0.00104685 0.00824924 0.00387365  0.0223772
 0.0074113 0.00387365  0.0681882  0.0176828
0.00358812  0.0223772  0.0176828   0.140241
Estimation:   -12.7218	3.00677	-4.66101	2.17087	
Ground truth: -12.6182	3.03483	-4.29338	2.5084	
RMSE:         0.0515564	0.093806	0.871489	0.999968	

P = 
0.00405282 0.00151493 0.00642008 0.00535775
0.00151493   0.010092 0.00583722  0.0276051
0.00642008 0.00583722  0.0506154  0.0273528
0.00535775  0.0276051  0.0273528   0.154399
Estimation:   -12.9453	3.12916	-4.61309	2.20383	
Ground truth: -12.8317	3.16218	-4.25165	2.5881	
RMSE:         0.0532705	0.0930823	0.865136	0.992463	

P = 
0.00389263 0.00111535 0.00751032 0.00378286
0.00111535  0.0082733 0.00408403  0.0223582
0.00751032 0.00408403  0.0686321  0.0185938
0.00378286  0.0223582  0.0185938   0.140107
Estimation:   -13.1384	3.31612	-4.52461	2.4169	
Ground truth: -13.0431	3.29353	-4.20776	2.66821	
RMSE:         0.0542711	0.092324	0.858654	0.984424	

P = 
0.00410398 0.00162547 0.00661187 0.00569896
0.00162547   0.010141 0.00624824  0.0276139
0.00661187 0.00624824   0.051549   0.029127
0.00569896  0.0276139   0.029127   0.154076
Estimation:   -13.3284	3.41861	-4.39159	2.35641	
Ground truth: -13.2522	3.42888	-4.16167	2.74865	
RMSE:         0.0547161	0.0915481	0.851872	0.97738	

P = 
0.00392945 0.00119077 0.00764099 0.00400681
0.00119077 0.00828325 0.00435209  0.0222924
0.00764099 0.00435209   0.069247  0.0197569
0.00400681  0.0222924  0.0197569   0.139752
Estimation:   -13.5097	3.56045	-4.3139	2.4285	
Ground truth: -13.459	3.56827	-4.11333	2.82935	
RMSE:         0.0546512	0.0907876	0.84514	0.970582	

P = 
0.00415405 0.00172706 0.00677809 0.00600501
0.00172706  0.0101776 0.00655768  0.0276222
0.00677809 0.00655768   0.052295  0.0304758
0.00600501  0.0276222  0.0304758   0.153874
Estimation:   -13.7392	3.72008	-4.35288	2.53468	
Ground truth: -13.6633	3.71169	-4.0627	2.91022	
RMSE:         0.0550658	0.0900467	0.839007	0.963794	

P = 
0.00396399 0.00125753 0.00774976 0.00419714
0.00125753 0.00828885  0.0045479  0.0222403
0.00774976  0.0045479  0.0697325  0.0206306
0.00419714  0.0222403  0.0206306   0.139505
Estimation:   -13.9433	3.82679	-4.33288	2.48457	
Ground truth: -13.865	3.85915	-4.00974	2.99118	
RMSE:         0.0555183	0.0894121	0.833225	0.958152	

P = 
0.00420191 0.00182005 0.00692859 0.00628051
0.00182005   0.010213  0.0068181  0.0276458
0.00692859  0.0068181   0.052969  0.0316499
0.00628051  0.0276458  0.0316499   0.153739
Estimation:   -14.136	3.98205	-4.18718	2.54662	
Ground truth: -14.064	4.01066	-3.95441	3.07214	
RMSE:         0.0558189	0.0887729	0.827106	0.95282	

P = 
0.00399632 0.00131732 0.00784678 0.00436483
0.00131732 0.00829511 0.00470989  0.0222014
0.00784678 0.00470989  0.0701744  0.0213938
0.00436483  0.0222014  0.0213938   0.139295
Estimation:   -14.3233	4.14737	-4.13554	2.65185	
Ground truth: -14.2602	4.16622	-3.89669	3.15303	
RMSE:         0.0559406	0.0881081	0.821162	0.947421	

P = 
0.00425528 0.00191627 0.00712014 0.00657442
0.00191627  0.0102327 0.00715634  0.0276023
0.00712014 0.00715634  0.0539055  0.0331581
0.00657442  0.0276023  0.0331581   0.153254
Estimation:   -14.5483	4.29859	-4.11721	2.68278	
Ground truth: -14.4535	4.32581	-3.83653	3.23373	
RMSE:         0.0567409	0.0874929	0.815564	0.942585	

P = 
0.00403393 0.00138184 0.00797597 0.00455603
0.00138184 0.00829103 0.00492892  0.0221198
0.00797597 0.00492892  0.0707958  0.0223914
0.00455603  0.0221198  0.0223914   0.138865
Estimation:   -14.7274	4.51296	-4.04426	2.89991	
Ground truth: -14.6436	4.48943	-3.77392	3.31417	
RMSE:         0.0572461	0.0868759	0.810045	0.936806	

P = 
0.00431808 0.00202128  0.0073566 0.00690297
0.00202128  0.0102381 0.00755425   0.027505
 0.0073566 0.00755425  0.0550622  0.0348899
0.00690297   0.027505  0.0348899   0.152519
Estimation:   -14.9251	4.66123	-3.98832	2.89462	
Ground truth: -14.8306	4.65706	-3.70883	3.39425	
RMSE:         0.0579789	0.0862266	0.804702	0.93179	

P = 
0.00407889 0.00145349 0.00813682 0.00477404
0.00145349 0.00827734 0.00518848  0.0220038
0.00813682 0.00518848  0.0715585  0.0235318
0.00477404  0.0220038  0.0235318   0.138277
Estimation:   -15.0695	4.84321	-3.8734	3.00517	
Ground truth: -15.0143	4.82869	-3.64123	3.47388	
RMSE:         0.0579396	0.0856083	0.79926	0.926658	

P = 
0.00438494 0.00212577 0.00759337 0.00722832
0.00212577  0.0102324 0.00791069  0.0273932
0.00759337 0.00791069  0.0561662  0.0364428
0.00722832  0.0273932  0.0364428   0.151796
Estimation:   -15.2488	4.9785	-3.79076	2.94889	
Ground truth: -15.1945	5.00428	-3.5711	3.55294	
RMSE:         0.0578884	0.0850424	0.793887	0.922788	

P = 
0.00412577 0.00152353 0.00829467 0.00498403
0.00152353 0.00825834 0.00541811  0.0218861
0.00829467 0.00541811  0.0722805  0.0245468
0.00498403  0.0218861  0.0245468   0.137715
Estimation:   -15.428	5.20169	-3.74792	3.14875	
Ground truth: -15.3712	5.1838	-3.49844	3.63135	
RMSE:         0.0578726	0.0844598	0.78876	0.917987	

P = 
0.00445603 0.00223001 0.00784136  0.0075504
0.00223001  0.0102182 0.00825896  0.0272626
0.00784136 0.00825896  0.0573208  0.0379686
 0.0075504  0.0272626  0.0379686   0.150996
Estimation:   -15.5856	5.37898	-3.52595	3.15228	
Ground truth: -15.5441	5.36723	-3.42323	3.70901	
RMSE:         0.0576744	0.0838745	0.783281	0.913891	

P = 
0.00417533 0.00159305 0.00845938 0.00519079
0.00159305 0.00823467   0.005642  0.0217592
0.00845938   0.005642  0.0730366  0.0255456
0.00519079  0.0217592  0.0255456   0.137106
Estimation:   -15.7861	5.50204	-3.58292	3.05656	
Ground truth: -15.7133	5.55452	-3.34546	3.78581	
RMSE:         0.0579111	0.0835193	0.778325	0.911583	

P = 
0.00452081 0.00232134 0.00803799 0.00782665
0.00232134   0.010208 0.00849561  0.0271821
0.00803799 0.00849561  0.0581735   0.039063
0.00782665  0.0271821   0.039063   0.150493
Estimation:   -15.9587	5.63396	-3.58548	3.00639	
Ground truth: -15.8785	5.74562	-3.26513	3.86164	
RMSE:         0.0582741	0.0839685	0.773885	0.910835	

P = 
0.00421848 0.00165127  0.0085845  0.0053578
0.00165127 0.00821632 0.00578854  0.0216723
 0.0085845 0.00578854  0.0735942   0.026258
 0.0053578  0.0216723   0.026258   0.136692
Estimation:   -16.0836	5.84934	-3.46083	3.18864	
Ground truth: -16.0396	5.94048	-3.18223	3.9364	
RMSE:         0.0581048	0.0840696	0.76932	0.908826	

P = 
0.00458796 0.00241012 0.00826396 0.00809501
0.00241012  0.0101875 0.00877833    0.02705
0.00826396 0.00877833  0.0592466  0.0403481
0.00809501    0.02705  0.0403481   0.149696
Estimation:   -16.2507	5.99677	-3.35414	3.12089	
Ground truth: -16.1965	6.13906	-3.09679	4.00999	
RMSE:         0.0580545	0.0851083	0.764752	0.908566	

P = 
0.00426466 0.00170967 0.00873402 0.00552884
0.00170967 0.00819106 0.00596981  0.0215518
0.00873402 0.00596981  0.0743061  0.0271105
0.00552884  0.0215518  0.0271105   0.136093
Estimation:   -16.3745	6.27558	-3.22965	3.44874	
Ground truth: -16.3491	6.34128	-3.00879	4.08229	
RMSE:         0.0577449	0.0848817	0.760126	0.90549	

P = 
0.00466789 0.00250763 0.00856497 0.00839563
0.00250763  0.0101477 0.00915695  0.0268257
0.00856497 0.00915695  0.0607338  0.0419941
0.00839563  0.0268257  0.0419941   0.148436
Estimation:   -16.5187	6.39918	-3.11059	3.28488	
Ground truth: -16.4972	6.54708	-2.91826	4.1532	
RMSE:         0.0574212	0.0859967	0.755492	0.905017	

P = 
0.00432174 0.00177645 0.00893895 0.00573106
0.00177645 0.00815186 0.00621792  0.0213695
0.00893895 0.00621792  0.0752903  0.0282047
0.00573106  0.0213695  0.0282047   0.135201
Estimation:   -16.6706	6.61809	-3.08471	3.42595	
Ground truth: -16.6407	6.75639	-2.82522	4.22261	
RMSE:         0.0571521	0.0868668	0.751208	0.90371	

P = 
0.00474631 0.00259896 0.00882391 0.00867789
0.00259896  0.0101095 0.00943406   0.026652
0.00882391 0.00943406  0.0618999   0.043233
0.00867789   0.026652   0.043233   0.147531
Estimation:   -16.8326	6.80897	-3.12553	3.48807	
Ground truth: -16.7795	6.96912	-2.72968	4.29042	
RMSE:         0.0571027	0.0881758	0.747766	0.902498	

P = 
 0.0043753  0.0018363 0.00910793 0.00590862
 0.0018363 0.00811643 0.00639414  0.0212283
0.00910793 0.00639414  0.0760521   0.029015
0.00590862  0.0212283   0.029015   0.134548
Estimation:   -17.0241	7.07889	-3.16031	3.72199	
Ground truth: -16.9135	7.18521	-2.63167	4.3565	
RMSE:         0.0580775	0.0884256	0.745425	0.899641	

P = 
0.00483301 0.00269409 0.00913017 0.00896941
0.00269409  0.0100634 0.00976378  0.0264309
0.00913017 0.00976378  0.0633582    0.04468
0.00896941  0.0264309    0.04468   0.146321
Estimation:   -17.1476	7.2733	-2.90526	3.67298	
Ground truth: -17.0425	7.40456	-2.53122	4.42077	
RMSE:         0.0588872	0.0890802	0.741974	0.897923	

P = 
0.00443572 0.00189974 0.00931221  0.0060979
0.00189974 0.00807427 0.00660645  0.0210513
0.00931221 0.00660645  0.0770127  0.0299692
 0.0060979  0.0210513  0.0299692   0.133684
Estimation:   -17.2333	7.57715	-2.74614	3.99534	
Ground truth: -17.1665	7.62707	-2.42838	4.4831	
RMSE:         0.0589905	0.0887068	0.73827	0.894055	

P = 
0.00493762 0.00279837 0.00952979 0.00928767
0.00279837 0.00998987  0.0101816  0.0260871
0.00952979  0.0101816  0.0653159  0.0464466
0.00928767  0.0260871  0.0464466    0.14452
Estimation:   -17.3728	7.75912	-2.77951	3.95946	
Ground truth: -17.2852	7.85264	-2.32317	4.54339	
RMSE:         0.0594166	0.0887664	0.735517	0.890961	

P = 
0.00451076 0.00197162 0.00958439 0.00631401
0.00197162 0.00801287 0.00688038  0.0207942
0.00958439 0.00688038  0.0783021  0.0311421
0.00631401  0.0207942  0.0311421   0.132455
Estimation:   -17.4937	7.92113	-2.75777	3.87413	
Ground truth: -17.3986	8.08118	-2.21565	4.60153	
RMSE:         0.0599672	0.0899478	0.733515	0.889191	

P = 
0.00503212 0.00288925 0.00981821 0.00956996
0.00288925 0.00993067  0.0104131  0.0258777
0.00981821  0.0104131  0.0665364  0.0475203
0.00956996  0.0258777  0.0475203   0.143542
Estimation:   -17.6041	8.13699	-2.58784	3.88857	
Ground truth: -17.5066	8.31257	-2.10586	4.65742	
RMSE:         0.0605444	0.0914225	0.731059	0.88787	

P = 
 0.0045737 0.00202971 0.00976742 0.00648505
0.00202971 0.00796585 0.00702477  0.0206379
0.00976742 0.00702477   0.079093  0.0318387
0.00648505  0.0206379  0.0318387   0.131764
Estimation:   -17.7389	8.38795	-2.57702	4.02902	
Ground truth: -17.6091	8.54669	-1.99386	4.71095	
RMSE:         0.0617984	0.0924872	0.729511	0.885751	

P = 
0.00513095 0.00297785  0.0101511  0.0098363
0.00297785 0.00986303  0.0106958  0.0256086
 0.0101511  0.0106958  0.0681038  0.0487909
 0.0098363  0.0256086  0.0487909   0.142156
Estimation:   -17.8249	8.55602	-2.31415	3.86286	
Ground truth: -17.7059	8.78343	-1.87971	4.76202	
RMSE:         0.0627537	0.0951314	0.726801	0.885906	

P = 
0.00464155 0.00208798 0.00998724  0.0066552
0.00208798 0.00791181 0.00720628  0.0204377
0.00998724 0.00720628  0.0801299  0.0326834
 0.0066552  0.0204377  0.0326834   0.130796
Estimation:   -17.8761	8.88002	-2.13569	4.21013	
Ground truth: -17.797	9.02267	-1.76348	4.81052	
RMSE:         0.0629637	0.0958038	0.723748	0.88318	

P = 
 0.0052437 0.00306968  0.0105648   0.010108
0.00306968 0.00977307  0.0110437   0.025234
 0.0105648  0.0110437   0.070117  0.0502762
  0.010108   0.025234  0.0502762   0.140253
Estimation:   -17.9547	9.0983	-1.87599	4.13404	
Ground truth: -17.8822	9.26426	-1.64522	4.85637	
RMSE:         0.0630793	0.0968747	0.720086	0.881536	

P = 
0.00472132 0.00215044  0.0102668 0.00683753
0.00215044 0.00784191 0.00743378  0.0201679
 0.0102668 0.00743378  0.0814606   0.033677
0.00683753  0.0201679   0.033677   0.129508
Estimation:   -17.9433	9.45572	-1.60588	4.54187	
Ground truth: -17.9614	9.50807	-1.52502	4.89946	
RMSE:         0.0627568	0.096493	0.716125	0.877435	

P = 
0.00538255 0.00317066  0.0111042  0.0104008
0.00317066 0.00964852  0.0114727  0.0247106
 0.0111042  0.0114727  0.0727652  0.0520217
 0.0104008  0.0247106  0.0520217   0.137654
Estimation:   -18.0077	9.69436	-1.48531	4.52937	
Ground truth: -18.0346	9.75398	-1.40296	4.9397	
RMSE:         0.0624746	0.0961647	0.712232	0.87366	

P = 
0.00482174 0.00222099  0.0106359  0.0070415
0.00222099 0.00774749 0.00771695  0.0198001
 0.0106359 0.00771695  0.0832034  0.0348469
 0.0070415  0.0198001  0.0348469   0.127787
Estimation:   -18.0899	9.93192	-1.49664	4.5541	
Ground truth: -18.1016	10.0018	-1.27911	4.97699	
RMSE:         0.062146	0.0959177	0.708713	0.870016	

P = 
 0.0055219 0.00326639  0.0115719  0.0106924
0.00326639 0.00953188  0.0117689  0.0242959
 0.0115719  0.0117689  0.0748536   0.053314
 0.0106924  0.0242959   0.053314   0.135741
Estimation:   -18.184	10.1172	-1.47915	4.39806	
Ground truth: -18.1624	10.2515	-1.15357	5.01125	
RMSE:         0.0618515	0.0964121	0.705701	0.867659	

P = 
0.00491745 0.00228412  0.0109417 0.00722611
0.00228412 0.00766208 0.00790733  0.0195129
 0.0109417 0.00790733  0.0845597  0.0356965
0.00722611  0.0195129  0.0356965   0.126506
Estimation:   -18.1761	10.4165	-1.27928	4.61976	
Ground truth: -18.2169	10.5027	-1.02642	5.04239	
RMSE:         0.0616655	0.0963089	0.702421	0.864132	

P = 
0.00566112 0.00335439  0.0120296  0.0109531
0.00335439 0.00941428  0.0120325  0.0238864
 0.0120296  0.0120325  0.0769301  0.0544864
 0.0109531  0.0238864  0.0544864   0.133808
Estimation:   -18.2616	10.6518	-1.42505	4.68563	
Ground truth: -18.265	10.7555	-0.897764	5.07032	
RMSE:         0.061341	0.0963892	0.700806	0.860477	

P = 
0.00501246 0.00234161  0.0112407  0.0073897
0.00234161  0.0075767 0.00807682  0.0192299
 0.0112407 0.00807682  0.0859203  0.0364753
 0.0073897  0.0192299  0.0364753   0.125202
Estimation:   -18.3292	10.8424	-1.43665	4.58036	
Ground truth: -18.3066	11.0095	-0.767697	5.09498	
RMSE:         0.0610643	0.0973913	0.700481	0.857594	

P = 
0.00578483   0.003429  0.0123903  0.0111828
  0.003429 0.00931625  0.0121968  0.0235872
 0.0123903  0.0121968  0.0784925  0.0553331
 0.0111828  0.0235872  0.0553331   0.132422
Estimation:   -18.3832	11.0512	-1.22396	4.42165	
Ground truth: -18.3417	11.2647	-0.636323	5.11627	
RMSE:         0.0608949	0.099284	0.699411	0.856072	

P = 
 0.0050937 0.00238822  0.0114683 0.00752537
0.00238822 0.00750695 0.00817956  0.0190237
 0.0114683 0.00817956  0.0869503  0.0370367
0.00752537  0.0190237  0.0370367    0.12424
Estimation:   -18.344	11.4714	-0.931168	4.93894	
Ground truth: -18.3702	11.5209	-0.503751	5.13414	
RMSE:         0.0606411	0.0989026	0.697171	0.851921	

P = 
0.00593129 0.00350467   0.012934  0.0113774
0.00350467 0.00918295  0.0125035  0.0230582
  0.012934  0.0125035  0.0812109  0.0565737
 0.0113774  0.0230582  0.0565737   0.129726
Estimation:   -18.3857	11.7104	-0.83476	4.86169	
Ground truth: -18.392	11.778	-0.370091	5.14852	
RMSE:         0.0603374	0.0986359	0.695212	0.848098	

P = 
0.00519782 0.00243962  0.0118387 0.00765985
0.00243962 0.00740821 0.00838031  0.0186538
 0.0118387 0.00838031  0.0887624  0.0378854
0.00765985  0.0186538  0.0378854   0.122429
Estimation:   -18.4175	11.9662	-0.808468	4.89569	
Ground truth: -18.4072	12.0356	-0.235457	5.15934	
RMSE:         0.0600438	0.0983864	0.694096	0.844259	

P = 
0.00607657 0.00357472  0.0134157   0.011582
0.00357472 0.00905608   0.012713  0.0226172
 0.0134157   0.012713  0.0834195  0.0575131
  0.011582  0.0226172  0.0575131   0.127644
Estimation:   -18.4524	12.206	-0.82257	4.90147	
Ground truth: -18.4156	12.2937	-0.099968	5.16654	
RMSE:         0.0598576	0.0982867	0.694384	0.840483	

P = 
0.00529706 0.00248504  0.0121547 0.00778899
0.00248504 0.00731714 0.00851464  0.0183514
 0.0121547 0.00851464   0.090216  0.0385159
0.00778899  0.0183514  0.0385159   0.121028
Estimation:   -18.4892	12.4868	-0.797333	4.98852	
Ground truth: -18.4171	12.552	0.0362564	5.17007	
RMSE:         0.05999	0.0980162	0.695884	0.836546	

P = 
0.00621936 0.00363789   0.013877  0.0117673
0.00363789 0.00893278  0.0128882  0.0221997
  0.013877  0.0128882  0.0855358  0.0583287
 0.0117673  0.0221997  0.0583287   0.125656
Estimation:   -18.5013	12.7361	-0.579251	4.88485	
Ground truth: -18.4119	12.8105	0.173093	5.16989	
RMSE:         0.0603439	0.0978144	0.696454	0.832948	

P = 
0.00539372 0.00252534  0.0124557 0.00790384
0.00252534 0.00722914   0.008626  0.0180649
 0.0124557   0.008626  0.0916156  0.0390647
0.00790384  0.0180649  0.0390647   0.119678
Estimation:   -18.5019	13.0389	-0.492987	5.03398	
Ground truth: -18.3998	13.0688	0.310414	5.16594	
RMSE:         0.0608825	0.0973871	0.697561	0.829035	

P = 
0.00636689 0.00369537  0.0143755  0.0119238
0.00369537 0.00880113  0.0130692  0.0217321
 0.0143755  0.0130692  0.0878981  0.0591172
 0.0119238  0.0217321  0.0591172   0.123378
Estimation:   -18.5004	13.2347	-0.192849	4.70794	
Ground truth: -18.3809	13.3269	0.448093	5.1582	
RMSE:         0.0617043	0.0973392	0.697043	0.826247	

P = 
0.00549509 0.00256245  0.0127863 0.00800405
0.00256245 0.00713466 0.00874181  0.0177433
 0.0127863 0.00874181  0.0931855  0.0396026
0.00800405  0.0177433  0.0396026   0.118139
Estimation:   -18.4249	13.5668	0.0319375	4.96647	
Ground truth: -18.355	13.5845	0.585998	5.14663	
RMSE:         0.061787	0.0968943	0.695832	0.822527	

P = 
0.00652274  0.0037472  0.0149168  0.0120551
 0.0037472 0.00865621  0.0132461  0.0212083
 0.0149168  0.0132461  0.0904773  0.0598452
 0.0120551  0.0212083  0.0598452    0.12085
Estimation:   -18.4115	13.8306	0.149315	4.94197	
Ground truth: -18.3223	13.8414	0.723997	5.1312	
RMSE:         0.0620996	0.0964461	0.694797	0.818878	

P = 
0.00560332 0.00259631  0.0131479 0.00809059
0.00259631 0.00703106  0.0088558  0.0173856
 0.0131479  0.0088558  0.0948971  0.0401052
0.00809059  0.0173856  0.0401052   0.116448
Estimation:   -18.3648	14.109	0.247643	5.02926	
Ground truth: -18.2826	14.0974	0.861956	5.11189	
RMSE:         0.0623155	0.096005	0.694095	0.815117	

P = 
0.00668415 0.00379383   0.015467  0.0121745
0.00379383 0.00850603   0.013394    0.02068
  0.015467   0.013394  0.0930573  0.0604654
 0.0121745    0.02068  0.0604654   0.118339
Estimation:   -18.3329	14.3481	0.48075	4.84784	
Ground truth: -18.2361	14.3524	0.999739	5.08868	
RMSE:         0.0627179	0.0955644	0.69269	0.811698	

P = 
0.00571468 0.00262632  0.0135131 0.00816754
0.00262632  0.0069246 0.00895054  0.0170269
 0.0135131 0.00895054  0.0966051  0.0405339
0.00816754  0.0170269  0.0405339   0.114769
Estimation:   -18.2858	14.5767	0.523633	4.82407	
Ground truth: -18.1827	14.6061	1.13721	5.06157	
RMSE:         0.0632006	0.0951704	0.692011	0.808317	

P = 
0.00684011 0.00383332   0.015967  0.0122876
0.00383332 0.00836287  0.0134894  0.0202099
  0.015967  0.0134894  0.0953348  0.0609367
 0.0122876  0.0202099  0.0609367   0.116155
Estimation:   -18.2306	14.8011	0.823299	4.58998	
Ground truth: -18.1224	14.8584	1.27423	5.03055	
RMSE:         0.0637481	0.0948967	0.690215	0.805753	

P = 
0.00582013 0.00265088  0.0138393 0.00823627
0.00265088 0.00682484 0.00901129   0.016711
 0.0138393 0.00901129  0.0981131  0.0408594
0.00823627   0.016711  0.0408594     0.1133
Estimation:   -18.123	15.1021	1.00115	4.7791	
Ground truth: -18.0553	15.1091	1.41067	4.99562	
RMSE:         0.0637846	0.0944744	0.688216	0.802409	

P = 
0.00700359 0.00386534  0.0165282   0.012352
0.00386534 0.00820672   0.013595  0.0196594
 0.0165282   0.013595  0.0980145  0.0613421
  0.012352  0.0196594  0.0613421   0.113504
Estimation:   -18.0613	15.3561	1.017	4.83373	
Ground truth: -17.9814	15.3578	1.54638	4.95679	
RMSE:         0.0639447	0.0940556	0.686971	0.798935	

P = 
0.00593334 0.00267115  0.0142141 0.00827856
0.00267115 0.00671467 0.00907887  0.0163381
 0.0142141 0.00907887  0.0998984  0.0411516
0.00827856  0.0163381  0.0411516   0.111526
Estimation:   -17.9825	15.6097	1.0835	4.87125	
Ground truth: -17.9007	15.6046	1.68122	4.91408	
RMSE:         0.0641235	0.0936434	0.686239	0.795433	

P = 
0.00716938 0.00389142  0.0170832  0.0124066
0.00389142 0.00804957  0.0136673  0.0191223
 0.0170832  0.0136673   0.100611  0.0616374
 0.0124066  0.0191223  0.0616374   0.110964
Estimation:   -17.9131	15.8245	1.14403	4.77309	
Ground truth: -17.8133	15.8491	1.81507	4.8675	
RMSE:         0.0645186	0.0932636	0.686108	0.792016	

P = 
0.00604711 0.00268706  0.0145815 0.00831234
0.00268706 0.00660469 0.00912449  0.0159764
 0.0145815 0.00912449   0.101623   0.041367
0.00831234  0.0159764   0.041367   0.109825
Estimation:   -17.8205	16.0721	1.22604	4.8064	
Ground truth: -17.7192	16.0912	1.94777	4.81708	
RMSE:         0.064925	0.0928776	0.686423	0.788595	

P = 
0.00733154 0.00391089  0.0176083  0.0124509
0.00391089 0.00789691  0.0137046  0.0186192
 0.0176083  0.0137046   0.103034  0.0618249
 0.0124509  0.0186192  0.0618249   0.108609
Estimation:   -17.7899	16.3074	1.1061	4.82983	
Ground truth: -17.6185	16.3307	2.0792	4.76286	
RMSE:         0.0665599	0.0925048	0.689378	0.785242	

P = 
0.00615716 0.00269828   0.014926 0.00833745
0.00269828 0.00649884 0.00914767  0.0156394
  0.014926 0.00914767   0.103234  0.0415081
0.00833745  0.0156394  0.0415081   0.108242
Estimation:   -17.6178	16.599	1.38863	4.98539	
Ground truth: -17.5113	16.5674	2.20923	4.70486	
